0  0
0.00031831  0.003067
0.00063662  0.0059985
0.00095493  0.00929655
0.00127324  0.0121649
0.00159155  0.0155509
0.00190986  0.0183622
0.00222817  0.0218175
0.00254648  0.0245763
0.00286479  0.0280925
0.0031831  0.0308015
0.00350141  0.0343743
0.00381972  0.037035
0.00413803  0.0406619
0.00445634  0.043275
0.00477465  0.0469548
0.00509296  0.0495205
0.00541127  0.0532526
0.00572958  0.0557706
0.00604789  0.0595554
0.0063662  0.0620248
0.00668451  0.0658629
0.00700282  0.0682827
0.00732113  0.0721753
0.00763944  0.0745439
0.00795775  0.0784926
0.00827606  0.0808082
0.00859437  0.0848151
0.00891268  0.0870754
0.00923099  0.0911431
0.0095493  0.0933453
0.00986761  0.0974768
0.0101859  0.0996179
0.0105042  0.103817
0.0108225  0.105893
0.0111408  0.110164
0.0114592  0.11217
0.0117775  0.116518
0.0120958  0.11845
0.0124141  0.122881
0.0127324  0.124732
0.0130507  0.129253
0.013369  0.131017
0.0136873  0.135636
0.0140056  0.137303
0.0143239  0.142031
0.0146423  0.143592
0.0149606  0.148441
0.0152789  0.149883
0.0155972  0.154868
0.0159155  0.156176
0.0162338  0.161317
0.0165521  0.162471
0.0168704  0.167793
0.0171887  0.168769
0.017507  0.174303
0.0178254  0.175069
0.0181437  0.180858
0.018462  0.181371
0.0187803  0.187476
0.0190986  0.187676
0.0194169  0.194185
0.0197352  0.193983
0.0200535  0.201038
0.0203718  0.200292
0.0206901  0.208142
0.0210085  0.206604
0.0213268  0.215775
0.0216451  0.212918
0.0219634  0.225004
0.0222817  0.219235
0.0226  0.272195
0.0229183  0.225554
0.0232366  0.227639
0.0235549  0.231877
0.0238732  0.233927
0.0241916  0.238202
0.0245099  0.240218
0.0248282  0.244531
0.0251465  0.246509
0.0254648  0.250862
0.0257831  0.252803
0.0261014  0.257197
0.0264197  0.259098
0.026738  0.263536
0.0270563  0.265394
0.0273747  0.269878
0.027693  0.271693
0.0280113  0.276224
0.0283296  0.277992
0.0286479  0.282575
0.0289662  0.284294
0.0292845  0.28893
0.0296028  0.290597
0.0299211  0.29529
0.0302394  0.296902
0.0305577  0.301655
0.0308761  0.303208
0.0311944  0.308026
0.0315127  0.309516
0.031831  0.314403
0.0321493  0.315826
0.0324676  0.320787
0.0327859  0.322138
0.0331042  0.327178
0.0334225  0.328451
0.0337408  0.333578
0.0340592  0.334767
0.0343775  0.339988
0.0346958  0.341084
0.0350141  0.346408
0.0353324  0.347403
0.0356507  0.35284
0.035969  0.353724
0.0362873  0.359286
0.0366056  0.360047
0.0369239  0.365749
0.0372423  0.366372
0.0375606  0.372231
0.0378789  0.372699
0.0381972  0.378737
0.0385155  0.379028
0.0388338  0.385272
0.0391521  0.385359
0.0394704  0.391843
0.0397887  0.391693
0.040107  0.398461
0.0404254  0.398029
0.0407437  0.405141
0.041062  0.404367
0.0413803  0.411906
0.0416986  0.410708
0.0420169  0.418797
0.0423352  0.417051
0.0426535  0.425885
0.0429718  0.423397
0.0432901  0.433317
0.0436085  0.429746
0.0439268  0.441466
0.0442451  0.436097
0.0445634  0.451737
0.0448817  0.442451
0.0452  0.495062
0.0455183  0.448809
0.0458366  0.450476
0.0461549  0.45517
0.0464732  0.456799
0.0467916  0.461534
0.0471099  0.463124
0.0474282  0.467901
0.0477465  0.46945
0.0480648  0.474272
0.0483831  0.475778
0.0487014  0.480648
0.0490197  0.482108
0.049338  0.487027
0.0496563  0.48844
0.0499747  0.493411
0.050293  0.494773
0.0506113  0.499799
0.0509296  0.501108
0.0512479  0.506193
0.0515662  0.507445
0.0518845  0.512591
0.0522028  0.513784
0.0525211  0.518996
0.0528394  0.520125
0.0531578  0.525407
0.0534761  0.526467
0.0537944  0.531825
0.0541127  0.532811
0.054431  0.53825
0.0547493  0.539158
0.0550676  0.544683
0.0553859  0.545506
0.0557042  0.551126
0.0560225  0.551857
0.0563408  0.557578
0.0566592  0.558209
0.0569775  0.564042
0.0572958  0.564564
0.0576141  0.570519
0.0579324  0.570921
0.0582507  0.57701
0.058569  0.57728
0.0588873  0.583519
0.0592056  0.583641
0.0595239  0.590047
0.0598423  0.590005
0.0601606  0.596599
0.0604789  0.596371
0.0607972  0.60318
0.0611155  0.60274
0.0614338  0.609795
0.0617521  0.609111
0.0620704  0.616454
0.0623887  0.615485
0.062707  0.623169
0.0630254  0.621862
0.0633437  0.629959
0.063662  0.628241
0.0639803  0.636852
0.0642986  0.634623
0.0646169  0.643896
0.0649352  0.641008
0.0652535  0.651176
0.0655718  0.647396
0.0658901  0.658866
0.0662085  0.653788
0.0665268  0.667404
0.0668451  0.660182
0.0671634  0.6784
0.0674817  0.666581
0.0678  0.718986
0.0681183  0.672982
0.0684366  0.674333
0.0687549  0.679388
0.0690732  0.680697
0.0693916  0.685797
0.0697099  0.687063
0.0700282  0.692211
0.0703465  0.69343
0.0706648  0.698628
0.0709831  0.6998
0.0713014  0.705051
0.0716197  0.706172
0.071938  0.711478
0.0722563  0.712545
0.0725747  0.71791
0.072893  0.718921
0.0732113  0.724348
0.0735296  0.725299
0.0738479  0.730792
0.0741662  0.731679
0.0744845  0.737242
0.0748028  0.738061
0.0751211  0.743698
0.0754394  0.744446
0.0757578  0.750162
0.0760761  0.750832
0.0763944  0.756634
0.0767127  0.757221
0.077031  0.763114
0.0773493  0.763612
0.0776676  0.769604
0.0779859  0.770006
0.0783042  0.776105
0.0786225  0.776402
0.0789409  0.782617
0.0792592  0.7828
0.0795775  0.789142
0.0798958  0.789201
0.0802141  0.795682
0.0805324  0.795605
0.0808507  0.802239
0.081169  0.802011
0.0814873  0.808816
0.0818056  0.80842
0.082124  0.815415
0.0824423  0.814831
0.0827606  0.822041
0.0830789  0.821246
0.0833972  0.8287
0.0837155  0.827663
0.0840338  0.835399
0.0843521  0.834083
0.0846704  0.842149
0.0849887  0.840507
0.085307  0.848962
0.0856254  0.846933
0.0859437  0.85586
0.086262  0.853363
0.0865803  0.862877
0.0868986  0.859796
0.0872169  0.870064
0.0875352  0.866233
0.0878535  0.877519
0.0881718  0.872673
0.0884901  0.885437
0.0888085  0.879116
0.0891268  0.894302
0.0894451  0.885564
0.0897634  0.905859
0.0900817  0.892015
0.0904  0.944314
0.0907183  0.898471
0.0910366  0.89956
0.0913549  0.904931
0.0916732  0.905975
0.0919916  0.911395
0.0923099  0.912391
0.0926282  0.917865
0.0929465  0.91881
0.0932648  0.924339
0.0935831  0.925231
0.0939014  0.930818
0.0942197  0.931655
0.094538  0.937303
0.0948563  0.938081
0.0951747  0.943794
0.095493  0.944509
0.0958113  0.950291
0.0961296  0.95094
0.0964479  0.956794
0.0967662  0.957374
0.0970845  0.963305
0.0974028  0.96381
0.0977211  0.969823
0.0980394  0.970248
0.0983578  0.97635
0.0986761  0.976689
0.0989944  0.982886
0.0993127  0.983133
0.099631  0.989431
0.0999493  0.98958
0.100268  0.995987
0.100586  0.996029
0.100904  1.00255
0.101223  1.00248
0.101541  1.00914
0.101859  1.00894
0.102177  1.01573
0.102496  1.01539
0.102814  1.02234
0.103132  1.02185
0.103451  1.02897
0.103769  1.02832
0.104087  1.03563
0.104406  1.03479
0.104724  1.04231
0.105042  1.04126
0.105361  1.04901
0.105679  1.04773
0.105997  1.05576
0.106316  1.05421
0.106634  1.06255
0.106952  1.06069
0.10727  1.06939
0.107589  1.06717
0.107907  1.07631
0.108225  1.07366
0.108544  1.08332
0.108862  1.08015
0.10918  1.09046
0.109499  1.08664
0.109817  1.09779
0.110135  1.09314
0.110454  1.10542
0.110772  1.09964
0.11109  1.11355
0.111408  1.10615
0.111727  1.12271
0.112045  1.11266
0.112363  1.13472
0.112682  1.11918
0.113  1.17145
0.113318  1.1257
0.113637  1.12656
0.113955  1.13222
0.114273  1.13304
0.114592  1.13876
0.11491  1.13952
0.115228  1.14529
0.115546  1.146
0.115865  1.15183
0.116183  1.15248
0.116501  1.15838
0.11682  1.15897
0.117138  1.16493
0.117456  1.16546
0.117775  1.17149
0.118093  1.17195
0.118411  1.17806
0.11873  1.17845
0.119048  1.18464
0.119366  1.18495
0.119685  1.19122
0.120003  1.19145
0.120321  1.19781
0.120639  1.19795
0.120958  1.20441
0.121276  1.20446
0.121594  1.21102
0.121913  1.21097
0.122231  1.21764
0.122549  1.21748
0.122868  1.22427
0.123186  1.224
0.123504  1.23092
0.123823  1.23052
0.124141  1.23758
0.124459  1.23704
0.124777  1.24426
0.125096  1.24357
0.125414  1.25095
0.125732  1.2501
0.126051  1.25767
0.126369  1.25663
0.126687  1.26441
0.127006  1.26317
0.127324  1.27117
0.127642  1.26971
0.127961  1.27797
0.128279  1.27625
0.128597  1.28482
0.128916  1.2828
0.129234  1.2917
0.129552  1.28935
0.12987  1.29865
0.130189  1.29591
0.130507  1.30568
0.130825  1.30247
0.131144  1.31281
0.131462  1.30903
0.13178  1.32008
0.132099  1.3156
0.132417  1.32756
0.132735  1.32217
0.133054  1.33535
0.133372  1.32875
0.13369  1.34369
0.134008  1.33533
0.134327  1.35312
0.134645  1.34192
0.134963  1.36554
0.135282  1.34851
0.1356  1.40083
0.135918  1.35511
0.136237  1.35577
0.136555  1.36171
0.136873  1.36232
0.137192  1.36832
0.13751  1.36887
0.137828  1.37493
0.138146  1.37543
0.138465  1.38155
0.138783  1.38199
0.139101  1.38818
0.13942  1.38855
0.139738  1.39482
0.140056  1.39512
0.140375  1.40146
0.140693  1.40169
0.141011  1.40811
0.14133  1.40826
0.141648  1.41476
0.141966  1.41483
0.142285  1.42143
0.142603  1.42141
0.142921  1.42811
0.143239  1.42799
0.143558  1.43479
0.143876  1.43458
0.144194  1.44149
0.144513  1.44117
0.144831  1.4482
0.145149  1.44776
0.145468  1.45492
0.145786  1.45436
0.146104  1.46165
0.146423  1.46096
0.146741  1.4684
0.147059  1.46756
0.147377  1.47517
0.147696  1.47417
0.148014  1.48196
0.148332  1.48078
0.148651  1.48877
0.148969  1.48739
0.149287  1.49561
0.149606  1.49401
0.149924  1.50248
0.150242  1.50063
0.150561  1.50938
0.150879  1.50726
0.151197  1.51633
0.151516  1.51389
0.151834  1.52333
0.152152  1.52053
0.15247  1.53039
0.152789  1.52717
0.153107  1.53754
0.153425  1.53381
0.153744  1.5448
0.154062  1.54046
0.15438  1.55221
0.154699  1.54712
0.155017  1.55984
0.155335  1.55378
0.155654  1.5678
0.155972  1.56044
0.15629  1.57635
0.156608  1.56711
0.156927  1.58604
0.157245  1.57379
0.157563  1.59881
0.157882  1.58047
0.1582  1.63289
0.158518  1.58715
0.158837  1.58764
0.159155  1.59385
0.159473  1.59427
0.159792  1.60055
0.16011  1.60091
0.160428  1.60725
0.160746  1.60756
0.161065  1.61396
0.161383  1.6142
0.161701  1.62068
0.16202  1.62085
0.162338  1.62741
0.162656  1.62751
0.162975  1.63414
0.163293  1.63417
0.163611  1.64089
0.16393  1.64083
0.164248  1.64764
0.164566  1.64749
0.164885  1.6544
0.165203  1.65416
0.165521  1.66118
0.165839  1.66083
0.166158  1.66796
0.166476  1.66751
0.166794  1.67475
0.167113  1.67419
0.167431  1.68156
0.167749  1.68087
0.168068  1.68838
0.168386  1.68756
0.168704  1.69522
0.169023  1.69425
0.169341  1.70208
0.169659  1.70095
0.169977  1.70895
0.170296  1.70765
0.170614  1.71585
0.170932  1.71436
0.171251  1.72277
0.171569  1.72107
0.171887  1.72971
0.172206  1.72778
0.172524  1.73669
0.172842  1.7345
0.173161  1.74371
0.173479  1.74122
0.173797  1.75078
0.174116  1.74795
0.174434  1.7579
0.174752  1.75468
0.17507  1.76509
0.175389  1.76142
0.175707  1.77237
0.176025  1.76816
0.176344  1.77977
0.176662  1.77491
0.17698  1.78733
0.177299  1.78167
0.177617  1.79511
0.177935  1.78843
0.178254  1.80326
0.178572  1.79519
0.17889  1.81201
0.179208  1.80196
0.179527  1.82196
0.179845  1.80874
0.180163  1.83506
0.180482  1.81552
0.1808  1.86812
0.181118  1.82231
0.181437  1.82263
0.181755  1.8291
0.182073  1.82937
0.182392  1.83591
0.18271  1.83611
0.183028  1.84272
0.183346  1.84285
0.183665  1.84953
0.183983  1.8496
0.184301  1.85636
0.18462  1.85635
0.184938  1.86319
0.185256  1.8631
0.185575  1.87004
0.185893  1.86986
0.186211  1.87689
0.18653  1.87663
0.186848  1.88375
0.187166  1.8834
0.187485  1.89062
0.187803  1.89017
0.188121  1.8975
0.188439  1.89695
0.188758  1.9044
0.189076  1.90373
0.189394  1.9113
0.189713  1.91051
0.190031  1.91822
0.190349  1.9173
0.190668  1.92516
0.190986  1.9241
0.191304  1.93211
0.191623  1.93089
0.191941  1.93909
0.192259  1.9377
0.192577  1.94608
0.192896  1.94451
0.193214  1.95309
0.193532  1.95132
0.193851  1.96013
0.194169  1.95814
0.194487  1.9672
0.194806  1.96496
0.195124  1.97431
0.195442  1.97179
0.195761  1.98146
0.196079  1.97862
0.196397  1.98865
0.196716  1.98546
0.197034  1.99591
0.197352  1.9923
0.19767  2.00324
0.197989  1.99915
0.198307  2.01066
0.198625  2.00601
0.198944  2.01821
0.199262  2.01287
0.19958  2.02593
0.199899  2.01974
0.200217  2.03389
0.200535  2.02661
0.200854  2.04222
0.201172  2.03349
0.20149  2.05119
0.201808  2.04037
0.202127  2.06139
0.202445  2.04726
0.202763  2.0748
0.203082  2.05416
0.2034  2.107
0.203718  2.06107
0.204037  2.06124
0.204355  2.06798
0.204673  2.06809
0.204992  2.0749
0.20531  2.07494
0.205628  2.08183
0.205946  2.0818
0.206265  2.08876
0.206583  2.08866
0.206901  2.09571
0.20722  2.09553
0.207538  2.10266
0.207856  2.1024
0.208175  2.10963
0.208493  2.10928
0.208811  2.1166
0.20913  2.11616
0.209448  2.12358
0.209766  2.12305
0.210085  2.13058
0.210403  2.12994
0.210721  2.13759
0.211039  2.13683
0.211358  2.14461
0.211676  2.14373
0.211994  2.15164
0.212313  2.15064
0.212631  2.15869
0.212949  2.15755
0.213268  2.16575
0.213586  2.16446
0.213904  2.17284
0.214223  2.17138
0.214541  2.17994
0.214859  2.1783
0.215177  2.18706
0.215496  2.18523
0.215814  2.19421
0.216132  2.19217
0.216451  2.20139
0.216769  2.19911
0.217087  2.20859
0.217406  2.20606
0.217724  2.21584
0.218042  2.21301
0.218361  2.22313
0.218679  2.21997
0.218997  2.23047
0.219316  2.22693
0.219634  2.23787
0.219952  2.2339
0.22027  2.24535
0.220589  2.24087
0.220907  2.25294
0.221225  2.24785
0.221544  2.26065
0.221862  2.25484
0.22218  2.26854
0.222499  2.26184
0.222817  2.27668
0.223135  2.26884
0.223454  2.28521
0.223772  2.27584
0.22409  2.2944
0.224408  2.28286
0.224727  2.30486
0.225045  2.28988
0.225363  2.31858
0.225682  2.29691
0.226  2.35005
0.226318  2.30395
0.226637  2.30398
0.226955  2.31099
0.227273  2.31096
0.227592  2.31804
0.22791  2.31794
0.228228  2.3251
0.228546  2.32493
0.228865  2.33217
0.229183  2.33192
0.229501  2.33925
0.22982  2.33892
0.230138  2.34634
0.230456  2.34592
0.230775  2.35344
0.231093  2.35293
0.231411  2.36055
0.23173  2.35994
0.232048  2.36767
0.232366  2.36696
0.232685  2.37481
0.233003  2.37398
0.233321  2.38195
0.233639  2.38101
0.233958  2.38911
0.234276  2.38805
0.234594  2.39629
0.234913  2.39509
0.235231  2.40348
0.235549  2.40213
0.235868  2.41069
0.236186  2.40918
0.236504  2.41791
0.236823  2.41624
0.237141  2.42516
0.237459  2.4233
0.237777  2.43243
0.238096  2.43036
0.238414  2.43973
0.238732  2.43744
0.239051  2.44706
0.239369  2.44452
0.239687  2.45442
0.240006  2.4516
0.240324  2.46182
0.240642  2.45869
0.240961  2.46926
0.241279  2.46579
0.241597  2.47676
0.241916  2.47289
0.242234  2.48433
0.242552  2.48
0.24287  2.49198
0.243189  2.48712
0.243507  2.49973
0.243825  2.49424
0.244144  2.50762
0.244462  2.50137
0.24478  2.5157
0.245099  2.50851
0.245417  2.52404
0.245735  2.51565
0.246054  2.53278
0.246372  2.5228
0.24669  2.54221
0.247008  2.52996
0.247327  2.55294
0.247645  2.53713
0.247963  2.56695
0.248282  2.54431
0.2486  2.59781
0.248918  2.55149
0.249237  2.5514
0.249555  2.55868
0.249873  2.55852
0.250192  2.56588
0.25051  2.56565
0.250828  2.57309
0.251147  2.57278
0.251465  2.58031
0.251783  2.57992
0.252101  2.58754
0.25242  2.58706
0.252738  2.59478
0.253056  2.59421
0.253375  2.60203
0.253693  2.60137
0.254011  2.60929
0.25433  2.60853
0.254648  2.61657
0.254966  2.61569
0.255285  2.62386
0.255603  2.62286
0.255921  2.63116
0.256239  2.63004
0.256558  2.63847
0.256876  2.63723
0.257194  2.64581
0.257513  2.64442
0.257831  2.65316
0.258149  2.65161
0.258468  2.66052
0.258786  2.65881
0.259104  2.66791
0.259423  2.66602
0.259741  2.67532
0.260059  2.67323
0.260377  2.68275
0.260696  2.68045
0.261014  2.69022
0.261332  2.68768
0.261651  2.69771
0.261969  2.69491
0.262287  2.70524
0.262606  2.70215
0.262924  2.71281
0.263242  2.7094
0.263561  2.72043
0.263879  2.71665
0.264197  2.7281
0.264516  2.72391
0.264834  2.73585
0.265152  2.73118
0.26547  2.74368
0.265789  2.73845
0.266107  2.75162
0.266425  2.74573
0.266744  2.75971
0.267062  2.75302
0.26738  2.76798
0.267699  2.76032
0.268017  2.77654
0.268335  2.76762
0.268654  2.78551
0.268972  2.77494
0.26929  2.79518
0.269608  2.78226
0.269927  2.80619
0.270245  2.78959
0.270563  2.8205
0.270882  2.79692
0.2712  2.85086
0.271518  2.80427
0.271837  2.80406
0.272155  2.81163
0.272473  2.81134
0.272792  2.81899
0.27311  2.81863
0.273428  2.82637
0.273747  2.82593
0.274065  2.83375
0.274383  2.83323
0.274701  2.84115
0.27502  2.84054
0.275338  2.84856
0.275656  2.84785
0.275975  2.85598
0.276293  2.85517
0.276611  2.86341
0.27693  2.86249
0.277248  2.87085
0.277566  2.86982
0.277885  2.87831
0.278203  2.87716
0.278521  2.88579
0.278839  2.8845
0.279158  2.89328
0.279476  2.89185
0.279794  2.90078
0.280113  2.89921
0.280431  2.90831
0.280749  2.90657
0.281068  2.91585
0.281386  2.91394
0.281704  2.92342
0.282023  2.92132
0.282341  2.931
0.282659  2.9287
0.282977  2.93862
0.283296  2.93609
0.283614  2.94626
0.283932  2.94349
0.284251  2.95394
0.284569  2.9509
0.284887  2.96165
0.285206  2.95831
0.285524  2.96941
0.285842  2.96573
0.286161  2.97722
0.286479  2.97315
0.286797  2.98509
0.287116  2.98059
0.287434  2.99303
0.287752  2.98803
0.28807  3.00106
0.288389  2.99548
0.288707  3.00921
0.289025  3.00293
0.289344  3.0175
0.289662  3.0104
0.28998  3.026
0.290299  3.01787
0.290617  3.03478
0.290935  3.02536
0.291254  3.044
0.291572  3.03285
0.29189  3.05393
0.292208  3.04035
0.292527  3.06523
0.292845  3.04786
0.293163  3.07985
0.293482  3.05537
0.2938  3.10981
0.294118  3.0629
0.294437  3.06258
0.294755  3.07044
0.295073  3.07004
0.295392  3.07799
0.29571  3.07751
0.296028  3.08555
0.296347  3.08499
0.296665  3.09312
0.296983  3.09247
0.297301  3.1007
0.29762  3.09996
0.297938  3.10829
0.298256  3.10745
0.298575  3.1159
0.298893  3.11495
0.299211  3.12352
0.29953  3.12246
0.299848  3.13115
0.300166  3.12997
0.300485  3.1388
0.300803  3.13749
0.301121  3.14646
0.301439  3.14502
0.301758  3.15414
0.302076  3.15256
0.302394  3.16184
0.302713  3.1601
0.303031  3.16956
0.303349  3.16765
0.303668  3.1773
0.303986  3.17521
0.304304  3.18506
0.304623  3.18277
0.304941  3.19284
0.305259  3.19034
0.305577  3.20066
0.305896  3.19792
0.306214  3.2085
0.306532  3.20551
0.306851  3.21638
0.307169  3.2131
0.307487  3.2243
0.307806  3.2207
0.308124  3.23226
0.308442  3.22831
0.308761  3.24028
0.309079  3.23593
0.309397  3.24836
0.309716  3.24356
0.310034  3.25652
0.310352  3.25119
0.31067  3.26477
0.310989  3.25883
0.311307  3.27314
0.311625  3.26649
0.311944  3.28166
0.312262  3.27415
0.31258  3.2904
0.312899  3.28182
0.313217  3.29943
0.313535  3.28949
0.313854  3.3089
0.314172  3.29718
0.31449  3.31912
0.314808  3.30488
0.315127  3.33072
0.315445  3.31259
0.315763  3.34567
0.316082  3.32031
0.3164  3.3753
0.316718  3.32803
0.317037  3.32761
0.317355  3.33577
0.317673  3.33527
0.317992  3.34352
0.31831  3.34294
0.318628  3.35128
0.318947  3.35061
0.319265  3.35906
0.319583  3.35829
0.319901  3.36684
0.32022  3.36598
0.320538  3.37464
0.320856  3.37367
0.321175  3.38245
0.321493  3.38138
0.321811  3.39028
0.32213  3.38909
0.322448  3.39812
0.322766  3.3968
0.323085  3.40598
0.323403  3.40453
0.323721  3.41385
0.324039  3.41226
0.324358  3.42174
0.324676  3.42
0.324994  3.42965
0.325313  3.42775
0.325631  3.43759
0.325949  3.4355
0.326268  3.44554
0.326586  3.44327
0.326904  3.45352
0.327223  3.45104
0.327541  3.46152
0.327859  3.45882
0.328177  3.46955
0.328496  3.4666
0.328814  3.47762
0.329132  3.4744
0.329451  3.48572
0.329769  3.4822
0.330087  3.49386
0.330406  3.49002
0.330724  3.50205
0.331042  3.49784
0.331361  3.5103
0.331679  3.50567
0.331997  3.51861
0.332316  3.51351
0.332634  3.527
0.332952  3.52135
0.33327  3.53549
0.333589  3.52921
0.333907  3.5441
0.334225  3.53708
0.334544  3.55288
0.334862  3.54495
0.33518  3.56187
0.335499  3.55284
0.335817  3.57117
0.336135  3.56073
0.336454  3.58092
0.336772  3.56864
0.33709  3.59144
0.337408  3.57656
0.337727  3.60337
0.338045  3.58448
0.338363  3.61866
0.338682  3.59242
0.339  3.64806
0.339318  3.60037
0.339637  3.59985
0.339955  3.60833
0.340273  3.60773
0.340592  3.6163
0.34091  3.61561
0.341228  3.62429
0.341547  3.62351
0.341865  3.63228
0.342183  3.63141
0.342501  3.64029
0.34282  3.63932
0.343138  3.64832
0.343456  3.64723
0.343775  3.65636
0.344093  3.65516
0.344411  3.66441
0.34473  3.66309
0.345048  3.67248
0.345366  3.67103
0.345685  3.68057
0.346003  3.67898
0.346321  3.68867
0.346639  3.68694
0.346958  3.6968
0.347276  3.6949
0.347594  3.70494
0.347913  3.70287
0.348231  3.71311
0.348549  3.71086
0.348868  3.72129
0.349186  3.71885
0.349504  3.72951
0.349823  3.72685
0.350141  3.73775
0.350459  3.73486
0.350777  3.74602
0.351096  3.74287
0.351414  3.75433
0.351732  3.7509
0.352051  3.76268
0.352369  3.75893
0.352687  3.77106
0.353006  3.76698
0.353324  3.7795
0.353642  3.77503
0.353961  3.788
0.354279  3.7831
0.354597  3.79657
0.354916  3.79117
0.355234  3.80521
0.355552  3.79925
0.35587  3.81397
0.356189  3.80734
0.356507  3.82285
0.356825  3.81545
0.357144  3.83189
0.357462  3.82356
0.35778  3.84116
0.358099  3.83168
0.358417  3.85075
0.358735  3.83982
0.359054  3.86081
0.359372  3.84796
0.35969  3.87165
0.360008  3.85612
0.360327  3.88393
0.360645  3.86429
0.360963  3.89958
0.361282  3.87247
0.3616  3.92882
0.361918  3.88066
0.362237  3.88005
0.362555  3.88886
0.362873  3.88817
0.363192  3.89708
0.36351  3.8963
0.363828  3.90531
0.364147  3.90443
0.364465  3.91356
0.364783  3.91258
0.365101  3.92181
0.36542  3.92073
0.365738  3.93009
0.366056  3.92889
0.366375  3.93838
0.366693  3.93706
0.367011  3.94668
0.36733  3.94524
0.367648  3.955
0.367966  3.95342
0.368285  3.96334
0.368603  3.96162
0.368921  3.9717
0.369239  3.96982
0.369558  3.98008
0.369876  3.97804
0.370194  3.98848
0.370513  3.98626
0.370831  3.9969
0.371149  3.99449
0.371468  4.00535
0.371786  4.00273
0.372104  4.01382
0.372423  4.01098
0.372741  4.02233
0.373059  4.01924
0.373377  4.03086
0.373696  4.02751
0.374014  4.03944
0.374332  4.03579
0.374651  4.04805
0.374969  4.04408
0.375287  4.05671
0.375606  4.05238
0.375924  4.06542
0.376242  4.06069
0.376561  4.07419
0.376879  4.06901
0.377197  4.08303
0.377516  4.07734
0.377834  4.09196
0.378152  4.08568
0.37847  4.101
0.378789  4.09404
0.379107  4.11017
0.379425  4.1024
0.379744  4.11951
0.380062  4.11077
0.38038  4.12909
0.380699  4.11916
0.381017  4.13899
0.381335  4.12756
0.381654  4.14938
0.381972  4.13597
0.38229  4.16056
0.382608  4.14439
0.382927  4.17321
0.383245  4.15282
0.383563  4.18925
0.383882  4.16127
0.3842  4.21842
0.384518  4.16972
0.384837  4.16904
0.385155  4.1782
0.385473  4.17742
0.385792  4.18668
0.38611  4.18581
0.386428  4.19518
0.386747  4.19421
0.387065  4.2037
0.387383  4.20262
0.387701  4.21223
0.38802  4.21104
0.388338  4.22078
0.388656  4.21947
0.388975  4.22934
0.389293  4.22791
0.389611  4.23792
0.38993  4.23636
0.390248  4.24652
0.390566  4.24482
0.390885  4.25513
0.391203  4.25328
0.391521  4.26377
0.391839  4.26176
0.392158  4.27243
0.392476  4.27025
0.392794  4.28111
0.393113  4.27874
0.393431  4.28982
0.393749  4.28725
0.394068  4.29855
0.394386  4.29577
0.394704  4.30731
0.395023  4.30429
0.395341  4.3161
0.395659  4.31283
0.395977  4.32493
0.396296  4.32138
0.396614  4.33379
0.396932  4.32994
0.397251  4.3427
0.397569  4.33851
0.397887  4.35165
0.398206  4.34709
0.398524  4.36066
0.398842  4.35568
0.399161  4.36973
0.399479  4.36428
0.399797  4.37888
0.400116  4.3729
0.400434  4.38812
0.400752  4.38152
0.40107  4.39746
0.401389  4.39016
0.401707  4.40695
0.402025  4.39881
0.402344  4.41662
0.402662  4.40747
0.40298  4.42652
0.403299  4.41614
0.403617  4.43677
0.403935  4.42483
0.404254  4.44751
0.404572  4.43353
0.40489  4.45907
0.405208  4.44224
0.405527  4.47212
0.405845  4.45097
0.406163  4.48857
0.406482  4.4597
0.4068  4.51775
0.407118  4.46846
0.407437  4.46769
0.407755  4.47722
0.408073  4.47637
0.408392  4.48601
0.40871  4.48505
0.409028  4.4948
0.409347  4.49375
0.409665  4.50362
0.409983  4.50245
0.410301  4.51245
0.41062  4.51116
0.410938  4.52129
0.411256  4.51989
0.411575  4.53016
0.411893  4.52862
0.412211  4.53904
0.41253  4.53737
0.412848  4.54794
0.413166  4.54612
0.413485  4.55686
0.413803  4.55489
0.414121  4.56581
0.414439  4.56366
0.414758  4.57477
0.415076  4.57245
0.415394  4.58376
0.415713  4.58125
0.416031  4.59278
0.416349  4.59006
0.416668  4.60182
0.416986  4.59888
0.417304  4.6109
0.417623  4.60771
0.417941  4.62
0.418259  4.61655
0.418578  4.62915
0.418896  4.62541
0.419214  4.63833
0.419532  4.63427
0.419851  4.64756
0.420169  4.64315
0.420487  4.65683
0.420806  4.65204
0.421124  4.66617
0.421442  4.66094
0.421761  4.67557
0.422079  4.66985
0.422397  4.68505
0.422716  4.67878
0.423034  4.69462
0.423352  4.68772
0.42367  4.70431
0.423989  4.69667
0.424307  4.71415
0.424625  4.70563
0.424944  4.72417
0.425262  4.71461
0.42558  4.73444
0.425899  4.7236
0.426217  4.74505
0.426535  4.7326
0.426854  4.75618
0.427172  4.74162
0.42749  4.76815
0.427808  4.75065
0.428127  4.78163
0.428445  4.7597
0.428763  4.79852
0.429082  4.76876
0.4294  4.82778
0.429718  4.77783
0.430037  4.777
0.430355  4.78692
0.430673  4.78599
0.430992  4.79603
0.43131  4.795
0.431628  4.80515
0.431947  4.80401
0.432265  4.81429
0.432583  4.81304
0.432901  4.82345
0.43322  4.82208
0.433538  4.83263
0.433856  4.83113
0.434175  4.84182
0.434493  4.84019
0.434811  4.85104
0.43513  4.84926
0.435448  4.86027
0.435766  4.85834
0.436085  4.86953
0.436403  4.86743
0.436721  4.87881
0.437039  4.87654
0.437358  4.88811
0.437676  4.88566
0.437994  4.89744
0.438313  4.89479
0.438631  4.9068
0.438949  4.90393
0.439268  4.91619
0.439586  4.91308
0.439904  4.92561
0.440223  4.92225
0.440541  4.93506
0.440859  4.93143
0.441178  4.94455
0.441496  4.94062
0.441814  4.95408
0.442132  4.94982
0.442451  4.96366
0.442769  4.95904
0.443087  4.97329
0.443406  4.96826
0.443724  4.98299
0.444042  4.97751
0.444361  4.99275
0.444679  4.98676
0.444997  5.00259
0.445316  4.99603
0.445634  5.01254
0.445952  5.00531
0.44627  5.0226
0.446589  5.01461
0.446907  5.03281
0.447225  5.02392
0.447544  5.04322
0.447862  5.03324
0.44818  5.05388
0.448499  5.04258
0.448817  5.0649
0.449135  5.05193
0.449454  5.07645
0.449772  5.0613
0.45009  5.08886
0.450408  5.07068
0.450727  5.1028
0.451045  5.08008
0.451363  5.12018
0.451682  5.08949
0.452  5.1496
0.452318  5.09892
0.452637  5.09803
0.452955  5.10837
0.453273  5.10737
0.453592  5.11783
0.45391  5.11673
0.454228  5.12732
0.454547  5.1261
0.454865  5.13682
0.455183  5.13548
0.455501  5.14634
0.45582  5.14488
0.456138  5.15587
0.456456  5.15428
0.456775  5.16543
0.457093  5.1637
0.457411  5.17501
0.45773  5.17313
0.458048  5.18462
0.458366  5.18257
0.458685  5.19424
0.459003  5.19203
0.459321  5.20389
0.459639  5.2015
0.459958  5.21357
0.460276  5.21098
0.460594  5.22327
0.460913  5.22047
0.461231  5.233
0.461549  5.22998
0.461868  5.24276
0.462186  5.2395
0.462504  5.25256
0.462823  5.24904
0.463141  5.26239
0.463459  5.25858
0.463778  5.27227
0.464096  5.26814
0.464414  5.28218
0.464732  5.27772
0.465051  5.29215
0.465369  5.28731
0.465687  5.30217
0.466006  5.29691
0.466324  5.31226
0.466642  5.30652
0.466961  5.32242
0.467279  5.31615
0.467597  5.33266
0.467916  5.3258
0.468234  5.34301
0.468552  5.33546
0.46887  5.35348
0.469189  5.34513
0.469507  5.36411
0.469825  5.35482
0.470144  5.37494
0.470462  5.36453
0.47078  5.38603
0.471099  5.37425
0.471417  5.39749
0.471735  5.38399
0.472054  5.4095
0.472372  5.39374
0.47269  5.42238
0.473008  5.40351
0.473327  5.43684
0.473645  5.41329
0.473963  5.45474
0.474282  5.4231
0.4746  5.48441
0.474918  5.43292
0.475237  5.43197
0.475555  5.44276
0.475873  5.4417
0.476192  5.45262
0.47651  5.45145
0.476828  5.46249
0.477147  5.46121
0.477465  5.47239
0.477783  5.47098
0.478101  5.48231
0.47842  5.48077
0.478738  5.49224
0.479056  5.49057
0.479375  5.5022
0.479693  5.50038
0.480011  5.51218
0.48033  5.5102
0.480648  5.52219
0.480966  5.52004
0.481285  5.53222
0.481603  5.5299
0.481921  5.54228
0.482239  5.53977
0.482558  5.55236
0.482876  5.54965
0.483194  5.56247
0.483513  5.55954
0.483831  5.57262
0.484149  5.56945
0.484468  5.58279
0.484786  5.57938
0.485104  5.59301
0.485423  5.58932
0.485741  5.60326
0.486059  5.59927
0.486378  5.61355
0.486696  5.60924
0.487014  5.62389
0.487332  5.61922
0.487651  5.63429
0.487969  5.62922
0.488287  5.64474
0.488606  5.63924
0.488924  5.65525
0.489242  5.64926
0.489561  5.66585
0.489879  5.65931
0.490197  5.67653
0.490516  5.66937
0.490834  5.68732
0.491152  5.67945
0.49147  5.69824
0.491789  5.68954
0.492107  5.70933
0.492425  5.69965
0.492744  5.72062
0.493062  5.70977
0.49338  5.73218
0.493699  5.71992
0.494017  5.74413
0.494335  5.73008
0.494654  5.75664
0.494972  5.74025
0.49529  5.77005
0.495608  5.75045
0.495927  5.78505
0.496245  5.76066
0.496563  5.80353
0.496882  5.7709
0.4972  5.83352
0.497518  5.78115
0.497837  5.78015
0.498155  5.79142
0.498473  5.79031
0.498792  5.80171
0.49911  5.80048
0.499428  5.81202
0.499747  5.81067
0.500065  5.82235
0.500383  5.82088
0.500701  5.83271
0.50102  5.83109
0.501338  5.84308
0.501656  5.84133
0.501975  5.85349
0.502293  5.85157
0.502611  5.86391
0.50293  5.86184
0.503248  5.87436
0.503566  5.87212
0.503885  5.88484
0.504203  5.88241
0.504521  5.89534
0.504839  5.89272
0.505158  5.90588
0.505476  5.90304
0.505794  5.91644
0.506113  5.91338
0.506431  5.92704
0.506749  5.92373
0.507068  5.93767
0.507386  5.9341
0.507704  5.94834
0.508023  5.94449
0.508341  5.95906
0.508659  5.95489
0.508978  5.96981
0.509296  5.96531
0.509614  5.98062
0.509932  5.97574
0.510251  5.99148
0.510569  5.9862
0.510887  6.0024
0.511206  5.99666
0.511524  6.0134
0.511842  6.00715
0.512161  6.02447
0.512479  6.01765
0.512797  6.03564
0.513116  6.02817
0.513434  6.04692
0.513752  6.0387
0.51407  6.05833
0.514389  6.04926
0.514707  6.06992
0.515025  6.05983
0.515344  6.08172
0.515662  6.07042
0.51598  6.0938
0.516299  6.08103
0.516617  6.10628
0.516935  6.09166
0.517254  6.11934
0.517572  6.1023
0.51789  6.13331
0.518208  6.11297
0.518527  6.14892
0.518845  6.12365
0.519163  6.16803
0.519482  6.13436
0.5198  6.19844
0.520118  6.14509
0.520437  6.14404
0.520755  6.15583
0.521073  6.15468
0.521392  6.1666
0.52171  6.16532
0.522028  6.17739
0.522347  6.17599
0.522665  6.18821
0.522983  6.18667
0.523301  6.19905
0.52362  6.19737
0.523938  6.20991
0.524256  6.20808
0.524575  6.2208
0.524893  6.21881
0.525211  6.23171
0.52553  6.22955
0.525848  6.24265
0.526166  6.24031
0.526485  6.25362
0.526803  6.25109
0.527121  6.26462
0.527439  6.26189
0.527758  6.27565
0.528076  6.2727
0.528394  6.28672
0.528713  6.28353
0.529031  6.29782
0.529349  6.29437
0.529668  6.30895
0.529986  6.30524
0.530304  6.32013
0.530623  6.31612
0.530941  6.33135
0.531259  6.32701
0.531578  6.34262
0.531896  6.33793
0.532214  6.35394
0.532532  6.34886
0.532851  6.36532
0.533169  6.35981
0.533487  6.37677
0.533806  6.37078
0.534124  6.38828
0.534442  6.38177
0.534761  6.39989
0.535079  6.39278
0.535397  6.41159
0.535716  6.4038
0.536034  6.42341
0.536352  6.41485
0.53667  6.43537
0.536989  6.42591
0.537307  6.4475
0.537625  6.437
0.537944  6.45986
0.538262  6.4481
0.53858  6.47252
0.538899  6.45922
0.539217  6.48558
0.539535  6.47037
0.539854  6.49924
0.540172  6.48153
0.54049  6.51385
0.540808  6.49272
0.541127  6.53011
0.541445  6.50393
0.541763  6.54992
0.542082  6.51516
0.5424  6.58083
0.542718  6.52641
0.543037  6.52533
0.543355  6.53768
0.543673  6.53649
0.543992  6.54898
0.54431  6.54766
0.544628  6.56031
0.544947  6.55885
0.545265  6.57165
0.545583  6.57006
0.545901  6.58303
0.54622  6.58128
0.546538  6.59443
0.546856  6.59253
0.547175  6.60585
0.547493  6.60379
0.547811  6.61731
0.54813  6.61507
0.548448  6.62879
0.548766  6.62637
0.549085  6.64031
0.549403  6.63768
0.549721  6.65186
0.550039  6.64901
0.550358  6.66344
0.550676  6.66037
0.550994  6.67506
0.551313  6.67174
0.551631  6.68671
0.551949  6.68313
0.552268  6.69841
0.552586  6.69454
0.552904  6.71014
0.553223  6.70597
0.553541  6.72193
0.553859  6.71741
0.554178  6.73376
0.554496  6.72888
0.554814  6.74565
0.555132  6.74037
0.555451  6.75761
0.555769  6.75187
0.556087  6.76963
0.556406  6.7634
0.556724  6.78173
0.557042  6.77494
0.557361  6.79391
0.557679  6.78651
0.557997  6.8062
0.558316  6.7981
0.558634  6.81862
0.558952  6.80971
0.55927  6.83118
0.559589  6.82134
0.559907  6.84393
0.560225  6.83299
0.560544  6.85691
0.560862  6.84466
0.56118  6.87019
0.561499  6.85636
0.561817  6.8839
0.562135  6.86807
0.562454  6.89823
0.562772  6.87981
0.56309  6.91352
0.563408  6.89158
0.563727  6.93051
0.564045  6.90336
0.564363  6.95109
0.564682  6.91517
0.565  6.98262
0.565318  6.92701
0.565637  7.38267
0.565955  6.93887
0.566273  6.93764
0.566592  6.95076
0.56691  6.9494
0.567228  6.96267
0.567547  6.96117
0.567865  6.97461
0.568183  6.97297
0.568501  6.98658
0.56882  6.98478
0.569138  6.99857
0.569456  6.99661
0.569775  7.0106
0.570093  7.00847
0.570411  7.02266
0.57073  7.02034
0.571048  7.03474
0.571366  7.03223
0.571685  7.04687
0.572003  7.04414
0.572321  7.05902
0.572639  7.05608
0.572958  7.07121
0.573276  7.06803
0.573594  7.08344
0.573913  7.08
0.574231  7.09572
0.574549  7.092
0.574868  7.10803
0.575186  7.10401
0.575504  7.12039
0.575823  7.11605
0.576141  7.1328
0.576459  7.12811
0.576778  7.14526
0.577096  7.14019
0.577414  7.15779
0.577732  7.15229
0.578051  7.17038
0.578369  7.16441
0.578687  7.18304
0.579006  7.17656
0.579324  7.19578
0.579642  7.18872
0.579961  7.20862
0.580279  7.20091
0.580597  7.22157
0.580916  7.21313
0.581234  7.23464
0.581552  7.22536
0.58187  7.24787
0.582189  7.23762
0.582507  7.26129
0.582825  7.2499
0.583144  7.27496
0.583462  7.26221
0.58378  7.28895
0.584099  7.27454
0.584417  7.30337
0.584735  7.2869
0.585054  7.31843
0.585372  7.29928
0.58569  7.33449
0.586009  7.31168
0.586327  7.35229
0.586645  7.32411
0.586963  7.37371
0.587282  7.33657
0.5876  7.40597
0.587918  7.34906
0.588237  7.63547
0.588555  7.36157
0.588873  7.36032
0.589192  7.37411
0.58951  7.37273
0.589828  7.38668
0.590147  7.38515
0.590465  7.39928
0.590783  7.3976
0.591101  7.41191
0.59142  7.41007
0.591738  7.42457
0.592056  7.42256
0.592375  7.43726
0.592693  7.43507
0.593011  7.44999
0.59333  7.4476
0.593648  7.46275
0.593966  7.46016
0.594285  7.47554
0.594603  7.47274
0.594921  7.48838
0.595239  7.48534
0.595558  7.50125
0.595876  7.49796
0.596194  7.51417
0.596513  7.51061
0.596831  7.52712
0.597149  7.52327
0.597468  7.54013
0.597786  7.53597
0.598104  7.55318
0.598423  7.54868
0.598741  7.56629
0.599059  7.56142
0.599378  7.57946
0.599696  7.57418
0.600014  7.59268
0.600332  7.58697
0.600651  7.60598
0.600969  7.59978
0.601287  7.61936
0.601606  7.61262
0.601924  7.63282
0.602242  7.62548
0.602561  7.64638
0.602879  7.63836
0.603197  7.66006
0.603516  7.65127
0.603834  7.67387
0.604152  7.66421
0.60447  7.68785
0.604789  7.67717
0.605107  7.70202
0.605425  7.69016
0.605744  7.71645
0.606062  7.70317
0.60638  7.73122
0.606699  7.71621
0.607017  7.74644
0.607335  7.72928
0.607654  7.76232
0.607972  7.74238
0.60829  7.77923
0.608609  7.7555
0.608927  7.79792
0.609245  7.76866
0.609563  7.82028
0.609882  7.78184
0.6102  7.8534
0.610518  7.79505
0.610837  8.02977
0.611155  7.80829
0.611473  7.80703
0.611792  7.82156
0.61211  7.82016
0.612428  7.83486
0.612747  7.83332
0.613065  7.8482
0.613383  7.84649
0.613701  7.86157
0.61402  7.85969
0.614338  7.87497
0.614656  7.87292
0.614975  7.88841
0.615293  7.88617
0.615611  7.90189
0.61593  7.89944
0.616248  7.9154
0.616566  7.91274
0.616885  7.92895
0.617203  7.92606
0.617521  7.94254
0.617839  7.93941
0.618158  7.95618
0.618476  7.95278
0.618794  7.96986
0.619113  7.96618
0.619431  7.98358
0.619749  7.97961
0.620068  7.99736
0.620386  7.99306
0.620704  8.01119
0.621023  8.00653
0.621341  8.02508
0.621659  8.02004
0.621978  8.03903
0.622296  8.03357
0.622614  8.05305
0.622932  8.04712
0.623251  8.06714
0.623569  8.0607
0.623887  8.08131
0.624206  8.07431
0.624524  8.09558
0.624842  8.08795
0.625161  8.10995
0.625479  8.10162
0.625797  8.12445
0.626116  8.11531
0.626434  8.13909
0.626752  8.12903
0.62707  8.1539
0.627389  8.14278
0.627707  8.16892
0.628025  8.15656
0.628344  8.18421
0.628662  8.17037
0.62898  8.19984
0.629299  8.1842
0.629617  8.21595
0.629935  8.19807
0.630254  8.23275
0.630572  8.21197
0.63089  8.2506
0.631209  8.2259
0.631527  8.27028
0.631845  8.23986
0.632163  8.29371
0.632482  8.25386
0.6328  8.32783
0.633118  8.26788
0.633437  8.4772
0.633755  8.28194
0.634073  8.28069
0.634392  8.29604
0.63471  8.29464
0.635028  8.31016
0.635347  8.30861
0.635665  8.32433
0.635983  8.3226
0.636301  8.33853
0.63662  8.33663
0.636938  8.35277
0.637256  8.35068
0.637575  8.36704
0.637893  8.36476
0.638211  8.38136
0.63853  8.37886
0.638848  8.39572
0.639166  8.393
0.639485  8.41012
0.639803  8.40716
0.640121  8.42456
0.640439  8.42135
0.640758  8.43905
0.641076  8.43557
0.641394  8.4536
0.641713  8.44981
0.642031  8.46819
0.642349  8.46409
0.642668  8.48283
0.642986  8.47839
0.643304  8.49754
0.643623  8.49272
0.643941  8.5123
0.644259  8.50709
0.644578  8.52714
0.644896  8.52148
0.645214  8.54204
0.645532  8.5359
0.645851  8.55703
0.646169  8.55035
0.646487  8.5721
0.646806  8.56483
0.647124  8.58728
0.647442  8.57935
0.647761  8.60256
0.648079  8.59389
0.648397  8.61798
0.648716  8.60846
0.649034  8.63354
0.649352  8.62307
0.64967  8.64929
0.649989  8.63771
0.650307  8.66526
0.650625  8.65238
0.650944  8.68151
0.651262  8.66708
0.65158  8.69813
0.651899  8.68182
0.652217  8.71524
0.652535  8.69659
0.652854  8.73306
0.653172  8.7114
0.65349  8.75198
0.653809  8.72624
0.654127  8.77278
0.654445  8.74111
0.654763  8.79739
0.655082  8.75602
0.6554  8.83269
0.655718  8.77097
0.656037  8.96584
0.656355  8.78595
0.656673  8.78473
0.656992  8.80097
0.65731  8.79959
0.657628  8.81603
0.657947  8.81448
0.658265  8.83113
0.658583  8.82941
0.658901  8.84627
0.65922  8.84436
0.659538  8.86145
0.659856  8.85935
0.660175  8.87668
0.660493  8.87436
0.660811  8.89195
0.66113  8.88941
0.661448  8.90726
0.661766  8.90449
0.662085  8.92262
0.662403  8.9196
0.662721  8.93803
0.663039  8.93474
0.663358  8.95349
0.663676  8.94991
0.663994  8.96901
0.664313  8.96512
0.664631  8.98458
0.664949  8.98036
0.665268  9.00021
0.665586  8.99563
0.665904  9.0159
0.666223  9.01093
0.666541  9.03166
0.666859  9.02627
0.667178  9.04749
0.667496  9.04164
0.667814  9.0634
0.668132  9.05704
0.668451  9.0794
0.668769  9.07247
0.669087  9.09549
0.669406  9.08795
0.669724  9.11169
0.670042  9.10345
0.670361  9.12801
0.670679  9.11899
0.670997  9.14447
0.671316  9.13457
0.671634  9.16109
0.671952  9.15018
0.67227  9.1779
0.672589  9.16583
0.672907  9.19494
0.673225  9.18151
0.673544  9.21228
0.673862  9.19723
0.67418  9.23001
0.674499  9.21299
0.674817  9.24825
0.675135  9.22878
0.675454  9.26724
0.675772  9.24462
0.67609  9.28736
0.676409  9.26049
0.676727  9.30942
0.677045  9.2764
0.677363  9.33538
0.677682  9.29235
0.678  9.37204
0.678318  9.30834
0.678637  9.49472
0.678955  9.32438
0.679273  9.3232
0.679592  9.34045
0.67991  9.33911
0.680228  9.35657
0.680547  9.35505
0.680865  9.37274
0.681183  9.37103
0.681501  9.38895
0.68182  9.38705
0.682138  9.4052
0.682456  9.4031
0.682775  9.4215
0.683093  9.41918
0.683411  9.43785
0.68373  9.4353
0.684048  9.45426
0.684366  9.45145
0.684685  9.47071
0.685003  9.46764
0.685321  9.48722
0.685639  9.48387
0.685958  9.50378
0.686276  9.50013
0.686594  9.52041
0.686913  9.51643
0.687231  9.53709
0.687549  9.53276
0.687868  9.55384
0.688186  9.54913
0.688504  9.57066
0.688823  9.56554
0.689141  9.58756
0.689459  9.58199
0.689778  9.60453
0.690096  9.59847
0.690414  9.62159
0.690732  9.615
0.691051  9.63874
0.691369  9.63156
0.691687  9.65599
0.692006  9.64816
0.692324  9.67336
0.692642  9.6648
0.692961  9.69086
0.693279  9.68148
0.693597  9.7085
0.693916  9.69819
0.694234  9.72632
0.694552  9.71495
0.69487  9.74435
0.695189  9.73175
0.695507  9.76262
0.695825  9.74859
0.696144  9.7812
0.696462  9.76548
0.69678  9.80019
0.697099  9.7824
0.697417  9.81972
0.697735  9.79937
0.698054  9.84003
0.698372  9.81638
0.69869  9.86153
0.699009  9.83343
0.699327  9.88503
0.699645  9.85053
0.699963  9.91252
0.700282  9.86768
0.7006  9.95078
0.700918  9.88487
0.701237  10.0665
0.701555  9.9021
0.701873  9.90099
0.702192  9.91939
0.70251  9.9181
0.702828  9.93672
0.703147  9.93525
0.703465  9.9541
0.703783  9.95244
0.704101  9.97154
0.70442  9.96967
0.704738  9.98902
0.705056  9.98694
0.705375  10.0066
0.705693  10.0042
0.706011  10.0242
0.70633  10.0216
0.706648  10.0418
0.706966  10.039
0.707285  10.0595
0.707603  10.0564
0.707921  10.0773
0.708239  10.0739
0.708558  10.0951
0.708876  10.0914
0.709194  10.113
0.709513  10.109
0.709831  10.131
0.710149  10.1266
0.710468  10.149
0.710786  10.1442
0.711104  10.1671
0.711423  10.1619
0.711741  10.1853
0.712059  10.1796
0.712378  10.2036
0.712696  10.1974
0.713014  10.222
0.713332  10.2152
0.713651  10.2405
0.713969  10.233
0.714287  10.2591
0.714606  10.2509
0.714924  10.2778
0.715242  10.2689
0.715561  10.2966
0.715879  10.2869
0.716197  10.3156
0.716516  10.3049
0.716834  10.3348
0.717152  10.323
0.71747  10.3542
0.717789  10.3411
0.718107  10.3739
0.718425  10.3593
0.718744  10.3939
0.719062  10.3775
0.71938  10.4144
0.719699  10.3958
0.720017  10.4354
0.720335  10.4141
0.720654  10.4572
0.720972  10.4325
0.72129  10.4803
0.721609  10.4509
0.721927  10.5055
0.722245  10.4694
0.722563  10.5347
0.722882  10.4879
0.7232  10.5748
0.723518  10.5064
0.723837  10.6862
0.724155  10.5251
0.724473  10.5241
0.724792  10.5438
0.72511  10.5426
0.725428  10.5625
0.725747  10.5611
0.726065  10.5813
0.726383  10.5797
0.726701  10.6001
0.72702  10.5983
0.727338  10.619
0.727656  10.617
0.727975  10.638
0.728293  10.6357
0.728611  10.657
0.72893  10.6545
0.729248  10.6761
0.729566  10.6733
0.729885  10.6953
0.730203  10.6922
0.730521  10.7145
0.730839  10.7111
0.731158  10.7338
0.731476  10.7301
0.731794  10.7532
0.732113  10.7491
0.732431  10.7727
0.732749  10.7682
0.733068  10.7922
0.733386  10.7873
0.733704  10.8118
0.734023  10.8064
0.734341  10.8315
0.734659  10.8256
0.734978  10.8513
0.735296  10.8449
0.735614  10.8712
0.735932  10.8642
0.736251  10.8912
0.736569  10.8836
0.736887  10.9114
0.737206  10.903
0.737524  10.9317
0.737842  10.9224
0.738161  10.9521
0.738479  10.9419
0.738797  10.9727
0.739116  10.9615
0.739434  10.9935
0.739752  10.9811
0.74007  11.0145
0.740389  11.0008
0.740707  11.0359
0.741025  11.0205
0.741344  11.0575
0.741662  11.0403
0.74198  11.0797
0.742299  11.0602
0.742617  11.1024
0.742935  11.0801
0.743254  11.126
0.743572  11.1
0.74389  11.1509
0.744209  11.12
0.744527  11.178
0.744845  11.1401
0.745163  11.2093
0.745482  11.1602
0.7458  11.2516
0.746118  11.1804
0.746437  11.3605
0.746755  11.2007
0.747073  11.1998
0.747392  11.221
0.74771  11.2199
0.748028  11.2414
0.748347  11.2401
0.748665  11.2618
0.748983  11.2603
0.749301  11.2823
0.74962  11.2806
0.749938  11.3029
0.750256  11.3009
0.750575  11.3235
0.750893  11.3213
0.751211  11.3442
0.75153  11.3418
0.751848  11.365
0.752166  11.3623
0.752485  11.3859
0.752803  11.3828
0.753121  11.4068
0.75344  11.4034
0.753758  11.4279
0.754076  11.4241
0.754394  11.449
0.754713  11.4448
0.755031  11.4702
0.755349  11.4656
0.755668  11.4914
0.755986  11.4864
0.756304  11.5128
0.756623  11.5073
0.756941  11.5343
0.757259  11.5283
0.757578  11.5559
0.757896  11.5493
0.758214  11.5776
0.758532  11.5703
0.758851  11.5994
0.759169  11.5915
0.759487  11.6214
0.759806  11.6127
0.760124  11.6435
0.760442  11.6339
0.760761  11.6658
0.761079  11.6552
0.761397  11.6883
0.761716  11.6766
0.762034  11.7109
0.762352  11.698
0.76267  11.7339
0.762989  11.7195
0.763307  11.7571
0.763625  11.7411
0.763944  11.7808
0.764262  11.7627
0.76458  11.8049
0.764899  11.7844
0.765217  11.8297
0.765535  11.8062
0.765854  11.8554
0.766172  11.828
0.76649  11.8824
0.766809  11.8499
0.767127  11.9117
0.767445  11.8718
0.767763  11.9455
0.768082  11.8939
0.7684  11.9904
0.768718  11.916
0.769037  12.0985
0.769355  11.9382
0.769673  11.9375
0.769992  11.9604
0.77031  11.9595
0.770628  11.9827
0.770947  11.9816
0.771265  12.0051
0.771583  12.0038
0.771901  12.0276
0.77222  12.026
0.772538  12.0501
0.772856  12.0483
0.773175  12.0728
0.773493  12.0707
0.773811  12.0955
0.77413  12.0931
0.774448  12.1183
0.774766  12.1156
0.775085  12.1412
0.775403  12.1382
0.775721  12.1641
0.77604  12.1608
0.776358  12.1872
0.776676  12.1835
0.776994  12.2104
0.777313  12.2062
0.777631  12.2336
0.777949  12.229
0.778268  12.257
0.778586  12.2519
0.778904  12.2805
0.779223  12.2749
0.779541  12.3041
0.779859  12.2979
0.780178  12.3278
0.780496  12.321
0.780814  12.3516
0.781132  12.3442
0.781451  12.3756
0.781769  12.3674
0.782087  12.3998
0.782406  12.3907
0.782724  12.4241
0.783042  12.4141
0.783361  12.4486
0.783679  12.4376
0.783997  12.4733
0.784316  12.4611
0.784634  12.4982
0.784952  12.4847
0.78527  12.5234
0.785589  12.5084
0.785907  12.549
0.786225  12.5322
0.786544  12.575
0.786862  12.556
0.78718  12.6015
0.787499  12.5799
0.787817  12.6287
0.788135  12.6039
0.788454  12.6568
0.788772  12.628
0.78909  12.6865
0.789409  12.6521
0.789727  12.7185
0.790045  12.6764
0.790363  12.7551
0.790682  12.7007
0.791  12.8033
0.791318  12.7251
0.791637  12.912
0.791955  12.7495
0.792273  12.7492
0.792592  12.7741
0.79291  12.7735
0.793228  12.7988
0.793547  12.798
0.793865  12.8235
0.794183  12.8225
0.794501  12.8484
0.79482  12.8471
0.795138  12.8733
0.795456  12.8717
0.795775  12.8983
0.796093  12.8965
0.796411  12.9235
0.79673  12.9213
0.797048  12.9487
0.797366  12.9462
0.797685  12.974
0.798003  12.9711
0.798321  12.9994
0.79864  12.9962
0.798958  13.025
0.799276  13.0213
0.799594  13.0506
0.799913  13.0465
0.800231  13.0764
0.800549  13.0718
0.800868  13.1023
0.801186  13.0972
0.801504  13.1283
0.801823  13.1227
0.802141  13.1545
0.802459  13.1482
0.802778  13.1808
0.803096  13.1739
0.803414  13.2072
0.803732  13.1996
0.804051  13.2338
0.804369  13.2254
0.804687  13.2606
0.805006  13.2513
0.805324  13.2876
0.805642  13.2773
0.805961  13.3147
0.806279  13.3033
0.806597  13.3422
0.806916  13.3295
0.807234  13.3698
0.807552  13.3557
0.80787  13.3978
0.808189  13.3821
0.808507  13.4262
0.808825  13.4085
0.809144  13.455
0.809462  13.435
0.80978  13.4844
0.810099  13.4617
0.810417  13.5146
0.810735  13.4884
0.811054  13.5458
0.811372  13.5152
0.81169  13.5785
0.812009  13.5421
0.812327  13.6138
0.812645  13.5691
0.812963  13.654
0.813282  13.5962
0.8136  13.706
0.813918  13.6234
0.814237  13.817
0.814555  13.6508
0.814873  13.6508
0.815192  13.6782
0.81551  13.678
0.815828  13.7057
0.816147  13.7053
0.816465  13.7334
0.816783  13.7327
0.817101  13.7611
0.81742  13.7601
0.817738  13.789
0.818056  13.7877
0.818375  13.8169
0.818693  13.8154
0.819011  13.845
0.81933  13.8431
0.819648  13.8733
0.819966  13.871
0.820285  13.9016
0.820603  13.899
0.820921  13.9301
0.82124  13.927
0.821558  13.9586
0.821876  13.9552
0.822194  13.9874
0.822513  13.9834
0.822831  14.0162
0.823149  14.0118
0.823468  14.0453
0.823786  14.0403
0.824104  14.0744
0.824423  14.0688
0.824741  14.1037
0.825059  14.0975
0.825378  14.1332
0.825696  14.1263
0.826014  14.1629
0.826332  14.1552
0.826651  14.1928
0.826969  14.1841
0.827287  14.2228
0.827606  14.2132
0.827924  14.2531
0.828242  14.2425
0.828561  14.2836
0.828879  14.2718
0.829197  14.3144
0.829516  14.3012
0.829834  14.3455
0.830152  14.3308
0.83047  14.377
0.830789  14.3604
0.831107  14.4088
0.831425  14.3902
0.831744  14.4412
0.832062  14.4201
0.83238  14.4742
0.832699  14.4501
0.833017  14.508
0.833335  14.4802
0.833654  14.543
0.833972  14.5105
0.83429  14.5796
0.834609  14.5409
0.834927  14.619
0.835245  14.5713
0.835563  14.6635
0.835882  14.602
0.8362  14.7205
0.836518  14.6327
0.836837  14.8356
0.837155  14.6636
0.837473  14.6642
0.837792  14.6946
0.83811  14.695
0.838428  14.7258
0.838747  14.7259
0.839065  14.757
0.839383  14.7569
0.839701  14.7885
0.84002  14.788
0.840338  14.82
0.840656  14.8192
0.840975  14.8517
0.841293  14.8506
0.841611  14.8836
0.84193  14.8821
0.842248  14.9156
0.842566  14.9137
0.842885  14.9477
0.843203  14.9455
0.843521  14.98
0.84384  14.9773
0.844158  15.0125
0.844476  15.0093
0.844794  15.0451
0.845113  15.0414
0.845431  15.0779
0.845749  15.0737
0.846068  15.1109
0.846386  15.1061
0.846704  15.1441
0.847023  15.1386
0.847341  15.1774
0.847659  15.1713
0.847978  15.211
0.848296  15.2041
0.848614  15.2448
0.848932  15.237
0.849251  15.2788
0.849569  15.27
0.849887  15.313
0.850206  15.3032
0.850524  15.3475
0.850842  15.3366
0.851161  15.3823
0.851479  15.3701
0.851797  15.4174
0.852116  15.4037
0.852434  15.4529
0.852752  15.4375
0.85307  15.4888
0.853389  15.4714
0.853707  15.5251
0.854025  15.5055
0.854344  15.5621
0.854662  15.5397
0.85498  15.5997
0.855299  15.5741
0.855617  15.6383
0.855935  15.6086
0.856254  15.6781
0.856572  15.6433
0.85689  15.7197
0.857209  15.6782
0.857527  15.7644
0.857845  15.7132
0.858163  15.8145
0.858482  15.7484
0.8588  15.8777
0.859118  15.7837
0.859437  15.9993
0.859755  15.8192
0.860073  15.8207
0.860392  15.8549
0.86071  15.8561
0.861028  15.8907
0.861347  15.8917
0.861665  15.9267
0.861983  15.9274
0.862301  15.9629
0.86262  15.9633
0.862938  15.9993
0.863256  15.9993
0.863575  16.0359
0.863893  16.0355
0.864211  16.0727
0.86453  16.0719
0.864848  16.1096
0.865166  16.1084
0.865485  16.1467
0.865803  16.1451
0.866121  16.1841
0.86644  16.182
0.866758  16.2217
0.867076  16.219
0.867394  16.2594
0.867713  16.2563
0.868031  16.2974
0.868349  16.2936
0.868668  16.3356
0.868986  16.3312
0.869304  16.3741
0.869623  16.369
0.869941  16.4128
0.870259  16.4069
0.870578  16.4517
0.870896  16.445
0.871214  16.4909
0.871532  16.4833
0.871851  16.5304
0.872169  16.5218
0.872487  16.5703
0.872806  16.5604
0.873124  16.6104
0.873442  16.5993
0.873761  16.6509
0.874079  16.6383
0.874397  16.6917
0.874716  16.6776
0.875034  16.733
0.875352  16.717
0.87567  16.7748
0.875989  16.7566
0.876307  16.8172
0.876625  16.7965
0.876944  16.8602
0.877262  16.8365
0.87758  16.904
0.877899  16.8768
0.878217  16.9489
0.878535  16.9172
0.878854  16.9952
0.879172  16.9579
0.87949  17.0436
0.879809  16.9988
0.880127  17.0953
0.880445  17.0399
0.880763  17.1529
0.881082  17.0812
0.8814  17.2246
0.881718  17.1228
0.882037  17.3559
0.882355  17.1645
0.882673  17.1673
0.882992  17.2065
0.88331  17.209
0.883628  17.2488
0.883947  17.251
0.884265  17.2913
0.884583  17.2931
0.884901  17.334
0.88522  17.3355
0.885538  17.377
0.885856  17.3781
0.886175  17.4202
0.886493  17.421
0.886811  17.4637
0.88713  17.464
0.887448  17.5074
0.887766  17.5073
0.888085  17.5514
0.888403  17.5509
0.888721  17.5957
0.88904  17.5946
0.889358  17.6403
0.889676  17.6387
0.889994  17.6852
0.890313  17.6829
0.890631  17.7303
0.890949  17.7274
0.891268  17.7758
0.891586  17.7722
0.891904  17.8216
0.892223  17.8172
0.892541  17.8677
0.892859  17.8624
0.893178  17.9141
0.893496  17.9079
0.893814  17.9609
0.894132  17.9537
0.894451  18.0081
0.894769  17.9998
0.895087  18.0557
0.895406  18.0461
0.895724  18.1037
0.896042  18.0927
0.896361  18.1522
0.896679  18.1395
0.896997  18.2011
0.897316  18.1867
0.897634  18.2506
0.897952  18.2341
0.89827  18.3008
0.898589  18.2818
0.898907  18.3516
0.899225  18.3298
0.899544  18.4032
0.899862  18.3781
0.90018  18.4558
0.900499  18.4267
0.900817  18.5097
0.901135  18.4756
0.901454  18.5653
0.901772  18.5248
0.90209  18.6232
0.902409  18.5744
0.902727  18.6848
0.903045  18.6242
0.903363  18.7532
0.903682  18.6744
0.904  18.8369
0.904318  18.7249
0.904637  18.9829
0.904955  18.7757
0.905273  18.7805
0.905592  18.8269
0.90591  18.8314
0.906228  18.8784
0.906547  18.8826
0.906865  18.9302
0.907183  18.9341
0.907501  18.9825
0.90782  18.986
0.908138  19.035
0.908456  19.0382
0.908775  19.088
0.909093  19.0907
0.909411  19.1413
0.90973  19.1436
0.910048  19.1951
0.910366  19.1969
0.910685  19.2492
0.911003  19.2505
0.911321  19.3037
0.91164  19.3044
0.911958  19.3586
0.912276  19.3588
0.912594  19.414
0.912913  19.4135
0.913231  19.4698
0.913549  19.4686
0.913868  19.5261
0.914186  19.524
0.914504  19.5828
0.914823  19.5799
0.915141  19.64
0.915459  19.6361
0.915778  19.6977
0.916096  19.6928
0.916414  19.7559
0.916732  19.7499
0.917051  19.8147
0.917369  19.8073
0.917687  19.874
0.918006  19.8652
0.918324  19.934
0.918642  19.9236
0.918961  19.9945
0.919279  19.9823
0.919597  20.0558
0.919916  20.0416
0.920234  20.1178
0.920552  20.1012
0.920871  20.1807
0.921189  20.1613
0.921507  20.2445
0.921825  20.2219
0.922144  20.3094
0.922462  20.283
0.92278  20.3756
0.923099  20.3445
0.923417  20.4433
0.923735  20.4065
0.924054  20.5131
0.924372  20.4691
0.92469  20.5858
0.925009  20.5321
0.925327  20.6629
0.925645  20.5956
0.925963  20.7478
0.926282  20.6597
0.9266  20.8502
0.926918  20.7243
0.927237  21.02
0.927555  20.7895
0.927873  20.7981
0.928192  20.8552
0.92851  20.8635
0.928828  20.9215
0.929147  20.9295
0.929465  20.9884
0.929783  20.996
0.930101  21.0558
0.93042  21.0631
0.930738  21.1239
0.931056  21.1308
0.931375  21.1926
0.931693  21.199
0.932011  21.2619
0.93233  21.2679
0.932648  21.3319
0.932966  21.3374
0.933285  21.4025
0.933603  21.4075
0.933921  21.4738
0.93424  21.4782
0.934558  21.5459
0.934876  21.5495
0.935194  21.6186
0.935513  21.6216
0.935831  21.6921
0.936149  21.6943
0.936468  21.7663
0.936786  21.7676
0.937104  21.8414
0.937423  21.8417
0.937741  21.9172
0.938059  21.9165
0.938378  21.9939
0.938696  21.992
0.939014  22.0714
0.939332  22.0682
0.939651  22.1499
0.939969  22.1452
0.940287  22.2293
0.940606  22.223
0.940924  22.3097
0.941242  22.3016
0.941561  22.3912
0.941879  22.3809
0.942197  22.4738
0.942516  22.4611
0.942834  22.5576
0.943152  22.5422
0.943471  22.6427
0.943789  22.6241
0.944107  22.7293
0.944425  22.7068
0.944744  22.8175
0.945062  22.7905
0.94538  22.9076
0.945699  22.8751
0.946017  23.0001
0.946335  22.9607
0.946654  23.0953
0.946972  23.0472
0.94729  23.1945
0.947609  23.1347
0.947927  23.2993
0.948245  23.2232
0.948563  23.4139
0.948882  23.3128
0.9492  23.5497
0.949518  23.4034
0.949837  23.7628
0.950155  23.4951
0.950473  23.5115
0.950792  23.588
0.95111  23.6042
0.951428  23.682
0.951747  23.698
0.952065  23.7772
0.952383  23.793
0.952701  23.8736
0.95302  23.8891
0.953338  23.9713
0.953656  23.9865
0.953975  24.0703
0.954293  24.0851
0.954611  24.1706
0.95493  24.1851
0.955248  24.2722
0.955566  24.2863
0.955885  24.3753
0.956203  24.3889
0.956521  24.4799
0.95684  24.493
0.957158  24.586
0.957476  24.5984
0.957794  24.6936
0.958113  24.7054
0.958431  24.8029
0.958749  24.8139
0.959068  24.9138
0.959386  24.924
0.959704  25.0265
0.960023  25.0357
0.960341  25.141
0.960659  25.1491
0.960978  25.2574
0.961296  25.2642
0.961614  25.3757
0.961932  25.3811
0.962251  25.4961
0.962569  25.4999
0.962887  25.6186
0.963206  25.6206
0.963524  25.7434
0.963842  25.7433
0.964161  25.8705
0.964479  25.868
0.964797  26.0002
0.965116  25.9948
0.965434  26.1326
0.965752  26.1239
0.966071  26.2679
0.966389  26.2552
0.966707  26.4063
0.967025  26.3889
0.967344  26.5481
0.967662  26.5251
0.96798  26.6939
0.968299  26.6639
0.968617  26.8441
0.968935  26.8052
0.969254  26.9997
0.969572  26.9494
0.96989  27.1621
0.970209  27.0965
0.970527  27.3338
0.970845  27.2466
0.971163  27.5205
0.971482  27.3998
0.9718  27.7372
0.972118  27.5563
0.972437  28.0556
0.972755  27.7162
0.973073  27.7562
0.973392  27.8798
0.97371  27.9203
0.974028  28.0471
0.974347  28.0882
0.974665  28.2184
0.974983  28.2601
0.975301  28.3939
0.97562  28.4362
0.975938  28.5737
0.976256  28.6167
0.976575  28.7582
0.976893  28.8018
0.977211  28.9476
0.97753  28.9918
0.977848  29.1421
0.978166  29.187
0.978485  29.342
0.978803  29.3876
0.979121  29.5478
0.97944  29.5941
0.979758  29.7597
0.980076  29.8067
0.980394  29.9782
0.980713  30.0258
0.981031  30.2037
0.981349  30.252
0.981668  30.4366
0.981986  30.4856
0.982304  30.6776
0.982623  30.7272
0.982941  30.9272
0.983259  30.9774
0.983578  31.1861
0.983896  31.2369
0.984214  31.4551
0.984532  31.5064
0.984851  31.735
0.985169  31.7866
0.985487  32.0268
0.985806  32.0787
0.986124  32.3316
0.986442  32.3836
0.986761  32.6506
0.987079  32.7025
0.987397  32.9855
0.987716  33.037
0.988034  33.3379
0.988352  33.3885
0.988671  33.71
0.988989  33.759
0.989307  34.1041
0.989625  34.1508
0.989944  34.5235
0.990262  34.5666
0.99058  34.9718
0.990899  35.0094
0.991217  35.4539
0.991535  35.4834
0.991854  35.9762
0.992172  35.9933
0.99249  36.5476
0.992809  36.5451
0.993127  37.1813
0.993445  37.1466
0.993763  37.9001
0.994082  37.808
0.9944  38.753
0.994718  38.5427
0.995037  39.9262
0.995355  39.3696
0.995673  39.7203
0.995992  40.3159
0.99631  40.7295
0.996628  41.4227
0.996947  41.9254
0.997265  42.7574
0.997583  43.395
0.997901  44.4412
0.99822  45.3058
0.998538  46.729
0.998856  48.0511
0.999175  50.3289
0.999493  53.0336
0.999811  59.5339
