0  0
0.00031831  0.0020944
0.00063662  0.00455271
0.00095493  0.00725464
0.00127324  0.0101064
0.00159155  0.0130706
0.00190986  0.016129
0.00222817  0.0192722
0.00254648  0.022496
0.00286479  0.0257997
0.0031831  0.0291859
0.00350141  0.0326602
0.00381972  0.036232
0.00413803  0.0399156
0.00445634  0.0437324
0.00477465  0.0477144
0.00509296  0.0519122
0.00541127  0.0564091
0.00572958  0.0613545
0.00604789  0.0670508
0.0063662  0.0742402
0.00668451  0.0855485
0.00700282  0.134002
0.00732113  0.0634926
0.00763944  0.0668642
0.00795775  0.0702757
0.00827606  0.0737295
0.00859437  0.0772285
0.00891268  0.0807763
0.00923099  0.0843773
0.0095493  0.0880373
0.00986761  0.0917633
0.0101859  0.0955645
0.0105042  0.0994526
0.0108225  0.103443
0.0111408  0.107558
0.0114592  0.111827
0.0117775  0.116292
0.0120958  0.121021
0.0124141  0.12612
0.0127324  0.131775
0.0130507  0.138354
0.013369  0.146721
0.0136873  0.159665
0.0140056  0.198902
0.0143239  0.128608
0.0146423  0.132201
0.0149606  0.135834
0.0152789  0.139508
0.0155972  0.143227
0.0159155  0.146996
0.0162338  0.150822
0.0165521  0.154709
0.0168704  0.158668
0.0171887  0.162709
0.017507  0.166846
0.0178254  0.171096
0.0181437  0.175485
0.018462  0.180047
0.0187803  0.184831
0.0190986  0.189911
0.0194169  0.195406
0.0197352  0.201518
0.0200535  0.20864
0.0203718  0.217653
0.0206901  0.231195
0.0210085  0.264744
0.0213268  0.194586
0.0216451  0.198332
0.0219634  0.202118
0.0222817  0.205948
0.0226  0.209825
0.0229183  0.213756
0.0232366  0.217746
0.0235549  0.221803
0.0238732  0.225936
0.0241916  0.230158
0.0245099  0.234484
0.0248282  0.238933
0.0251465  0.243532
0.0254648  0.248318
0.0257831  0.253345
0.0261014  0.25869
0.0264197  0.264477
0.026738  0.270919
0.0270563  0.278408
0.0273747  0.287805
0.027693  0.301512
0.0280113  0.331089
0.0283296  0.26103
0.0286479  0.264898
0.0289662  0.268807
0.0292845  0.272762
0.0296028  0.276768
0.0299211  0.280829
0.0302394  0.284954
0.0305577  0.289149
0.0308761  0.293426
0.0311944  0.297797
0.0315127  0.302277
0.031831  0.306889
0.0321493  0.311661
0.0324676  0.31663
0.0327859  0.321852
0.0331042  0.327409
0.0334225  0.333426
0.0337408  0.340116
0.0340592  0.347866
0.0343775  0.357495
0.0346958  0.371157
0.0350141  0.397777
0.0353324  0.327793
0.0356507  0.331763
0.035969  0.335778
0.0362873  0.33984
0.0366056  0.343955
0.0369239  0.348129
0.0372423  0.352369
0.0375606  0.356683
0.0378789  0.361083
0.0381972  0.365581
0.0385155  0.370195
0.0388338  0.374946
0.0391521  0.379863
0.0394704  0.384987
0.0397887  0.390373
0.040107  0.396104
0.0404254  0.402307
0.0407437  0.40919
0.041062  0.41713
0.0413803  0.426896
0.0416986  0.440408
0.0420169  0.464731
0.0423352  0.61728
0.0426535  0.398865
0.0429718  0.402972
0.0432901  0.407128
0.0436085  0.41134
0.0439268  0.415614
0.0442451  0.419955
0.0445634  0.424375
0.0448817  0.428883
0.0452  0.433494
0.0455183  0.438224
0.0458366  0.443097
0.0461549  0.448142
0.0464732  0.453399
0.0467916  0.458926
0.0471099  0.464804
0.0474282  0.47116
0.0477465  0.478197
0.0480648  0.486276
0.0483831  0.496116
0.0487014  0.509427
0.0490197  0.531911
0.049338  0.614084
0.0496563  0.466169
0.0499747  0.47036
0.050293  0.474602
0.0506113  0.478901
0.0509296  0.483264
0.0512479  0.487698
0.0515662  0.492212
0.0518845  0.496818
0.0522028  0.501529
0.0525211  0.506364
0.0528394  0.511346
0.0531578  0.516503
0.0534761  0.521878
0.0537944  0.527527
0.0541127  0.533532
0.054431  0.540015
0.0547493  0.547177
0.0550676  0.55536
0.0553859  0.565231
0.0557042  0.578318
0.0560225  0.599297
0.0563408  0.657997
0.0566592  0.533659
0.0569775  0.537927
0.0572958  0.542248
0.0576141  0.546627
0.0579324  0.551072
0.0582507  0.55559
0.058569  0.560191
0.0588873  0.564886
0.0592056  0.569689
0.0595239  0.574619
0.0598423  0.579698
0.0601606  0.584957
0.0604789  0.590437
0.0607972  0.596193
0.0611155  0.602308
0.0614338  0.6089
0.0617521  0.616163
0.0620704  0.624423
0.0623887  0.634298
0.062707  0.647152
0.0630254  0.666877
0.0633437  0.713374
0.063662  0.601328
0.0639803  0.605667
0.0642986  0.61006
0.0646169  0.614514
0.0649352  0.619036
0.0652535  0.623632
0.0655718  0.628312
0.0658901  0.633089
0.0662085  0.637977
0.0665268  0.642993
0.0668451  0.648162
0.0671634  0.653513
0.0674817  0.659088
0.0678  0.66494
0.0681183  0.671151
0.0684366  0.677838
0.0687549  0.685184
0.0690732  0.6935
0.0693916  0.70336
0.0697099  0.715983
0.0700282  0.734648
0.0703465  0.773577
0.0706648  0.669172
0.0709831  0.673578
0.0713014  0.67804
0.0716197  0.682564
0.071938  0.687156
0.0722563  0.691825
0.0725747  0.696581
0.072893  0.701434
0.0732113  0.7064
0.0735296  0.711497
0.0738479  0.716749
0.0741662  0.722184
0.0744845  0.727844
0.0748028  0.733784
0.0751211  0.74008
0.0754394  0.746848
0.0757578  0.754264
0.0760761  0.762622
0.0763944  0.772452
0.0767127  0.784852
0.077031  0.802609
0.0773493  0.836361
0.0776676  1.16375
0.0779859  0.741664
0.0783042  0.74619
0.0786225  0.75078
0.0789409  0.75544
0.0792592  0.760177
0.0795775  0.765003
0.0798958  0.769928
0.0802141  0.774968
0.0805324  0.78014
0.0808507  0.785467
0.081169  0.790981
0.0814873  0.79672
0.0818056  0.802738
0.082124  0.809111
0.0824423  0.815951
0.0827606  0.823426
0.0830789  0.831813
0.0833972  0.841606
0.0837155  0.853792
0.0840338  0.870764
0.0843521  0.900746
0.0846704  1.02886
0.0849887  0.809928
0.085307  0.814516
0.0856254  0.819169
0.0859437  0.823892
0.086262  0.828695
0.0865803  0.833587
0.0868986  0.83858
0.0872169  0.843688
0.0875352  0.848931
0.0878535  0.85433
0.0881718  0.859916
0.0884901  0.865728
0.0888085  0.871818
0.0891268  0.878261
0.0894451  0.885164
0.0897634  0.892689
0.0900817  0.901097
0.0904  0.910846
0.0907183  0.922829
0.0910366  0.939117
0.0913549  0.966229
0.0916732  1.0498
0.0919916  0.878377
0.0923099  0.883024
0.0926282  0.887737
0.0929465  0.892521
0.0932648  0.897386
0.0935831  0.902342
0.0939014  0.907399
0.0942197  0.912573
0.094538  0.917882
0.0948563  0.923349
0.0951747  0.929003
0.095493  0.934882
0.0958113  0.941039
0.0961296  0.947546
0.0964479  0.954505
0.0967662  0.962072
0.0970845  0.970495
0.0974028  0.980197
0.0977211  0.991989
0.0980394  1.00768
0.0983578  1.03253
0.0986761  1.09535
0.0989944  0.947019
0.0993127  0.951723
0.099631  0.956494
0.0999493  0.961337
0.100268  0.966261
0.100586  0.971277
0.100904  0.976396
0.101223  0.981633
0.101541  0.987005
0.101859  0.992536
0.102177  0.998253
0.102496  1.0042
0.102814  1.01042
0.103132  1.01698
0.103451  1.02399
0.103769  1.03159
0.104087  1.04003
0.104406  1.04968
0.104724  1.06129
0.105042  1.07645
0.105361  1.09948
0.105679  1.15019
0.105997  1.01586
0.106316  1.02062
0.106634  1.02545
0.106952  1.03035
0.10727  1.03533
0.107589  1.0404
0.107907  1.04558
0.108225  1.05088
0.108544  1.05631
0.108862  1.0619
0.10918  1.06768
0.109499  1.07368
0.109817  1.07996
0.110135  1.08658
0.110454  1.09364
0.110772  1.10127
0.11109  1.10971
0.111408  1.11931
0.111727  1.13076
0.112045  1.14544
0.112363  1.16698
0.112682  1.20974
0.113  6.22104
0.113318  1.08973
0.113637  1.09461
0.113955  1.09957
0.114273  1.1046
0.114592  1.10973
0.11491  1.11497
0.115228  1.12032
0.115546  1.12581
0.115865  1.13146
0.116183  1.1373
0.116501  1.14336
0.11682  1.14969
0.117138  1.15636
0.117456  1.16346
0.117775  1.17112
0.118093  1.17956
0.118411  1.18912
0.11873  1.20041
0.119048  1.21467
0.119366  1.23495
0.119685  1.27211
0.120003  1.46297
0.120321  1.15906
0.120639  1.16399
0.120958  1.169
0.121276  1.17409
0.121594  1.17928
0.121913  1.18457
0.122231  1.18998
0.122549  1.19552
0.122868  1.20123
0.123186  1.20712
0.123504  1.21323
0.123823  1.21962
0.124141  1.22633
0.124459  1.23347
0.124777  1.24116
0.125096  1.2496
0.125414  1.25911
0.125732  1.27025
0.126051  1.28413
0.126369  1.30336
0.126687  1.33636
0.127006  1.44884
0.127324  1.22862
0.127642  1.23361
0.127961  1.23867
0.128279  1.24381
0.128597  1.24905
0.128916  1.25439
0.129234  1.25985
0.129552  1.26545
0.12987  1.27121
0.130189  1.27716
0.130507  1.28332
0.130825  1.28976
0.131144  1.29652
0.131462  1.30369
0.13178  1.31141
0.132099  1.31985
0.132417  1.32931
0.132735  1.34032
0.133054  1.35386
0.133372  1.37217
0.13369  1.40196
0.134008  1.48262
0.134327  1.29843
0.134645  1.30346
0.134963  1.30857
0.135282  1.31377
0.1356  1.31906
0.135918  1.32445
0.136237  1.32997
0.136555  1.33562
0.136873  1.34143
0.137192  1.34743
0.13751  1.35364
0.137828  1.36012
0.138146  1.36692
0.138465  1.37413
0.138783  1.38187
0.139101  1.39031
0.13942  1.39973
0.139738  1.41061
0.140056  1.42384
0.140375  1.44137
0.140693  1.46863
0.141011  1.53181
0.14133  1.36848
0.141648  1.37357
0.141966  1.37873
0.142285  1.38397
0.142603  1.38932
0.142921  1.39476
0.143239  1.40033
0.143558  1.40603
0.143876  1.41189
0.144194  1.41794
0.144513  1.4242
0.144831  1.43073
0.145149  1.43757
0.145468  1.44482
0.145786  1.45257
0.146104  1.46101
0.146423  1.47039
0.146741  1.48115
0.147059  1.4941
0.147377  1.51094
0.147696  1.53615
0.148014  1.58828
0.148332  1.43881
0.148651  1.44394
0.148969  1.44915
0.149287  1.45445
0.149606  1.45984
0.149924  1.46534
0.150242  1.47095
0.150561  1.47671
0.150879  1.48262
0.151197  1.48871
0.151516  1.49502
0.151834  1.50159
0.152152  1.50847
0.15247  1.51575
0.152789  1.52352
0.153107  1.53196
0.153425  1.5413
0.153744  1.55195
0.154062  1.56465
0.15438  1.58089
0.154699  1.6044
0.155017  1.64894
0.155335  1.94243
0.155654  1.5146
0.155972  1.51985
0.15629  1.5252
0.156608  1.53064
0.156927  1.53618
0.157245  1.54185
0.157563  1.54765
0.157882  1.55361
0.1582  1.55976
0.158518  1.56611
0.158837  1.57272
0.159155  1.57964
0.159473  1.58695
0.159792  1.59474
0.16011  1.60318
0.160428  1.61248
0.160746  1.62303
0.161065  1.6355
0.161383  1.6512
0.161701  1.6733
0.16202  1.71231
0.162338  1.86138
0.162656  1.58554
0.162975  1.59085
0.163293  1.59624
0.163611  1.60173
0.16393  1.60732
0.164248  1.61304
0.164566  1.61889
0.164885  1.6249
0.165203  1.63109
0.165521  1.63749
0.165839  1.64414
0.166158  1.6511
0.166476  1.65843
0.166794  1.66624
0.167113  1.67468
0.167431  1.68395
0.167749  1.69441
0.168068  1.70666
0.168386  1.72189
0.168704  1.74279
0.169023  1.77761
0.169341  1.87902
0.169659  1.65679
0.169977  1.66215
0.170296  1.66759
0.170614  1.67312
0.170932  1.67877
0.171251  1.68453
0.171569  1.69043
0.171887  1.69648
0.172206  1.70272
0.172524  1.70916
0.172842  1.71585
0.173161  1.72285
0.173479  1.73021
0.173797  1.73804
0.174116  1.74647
0.174434  1.75571
0.174752  1.76609
0.17507  1.77815
0.175389  1.79296
0.175707  1.81282
0.176025  1.84437
0.176344  1.92147
0.176662  1.72836
0.17698  1.73376
0.177299  1.73925
0.177617  1.74484
0.177935  1.75053
0.178254  1.75634
0.178572  1.76228
0.17889  1.76838
0.179208  1.77466
0.179527  1.78115
0.179845  1.78788
0.180163  1.79491
0.180482  1.80231
0.1808  1.81015
0.181118  1.81859
0.181437  1.8278
0.181755  1.83809
0.182073  1.84998
0.182392  1.86441
0.18271  1.88338
0.183028  1.91231
0.183346  1.97465
0.183665  1.80026
0.183983  1.80571
0.184301  1.81125
0.18462  1.81688
0.184938  1.82262
0.185256  1.82848
0.185575  1.83447
0.185893  1.84061
0.186211  1.84694
0.18653  1.85347
0.186848  1.86024
0.187166  1.86731
0.187485  1.87473
0.187803  1.8826
0.188121  1.89103
0.188439  1.90022
0.188758  1.91044
0.189076  1.92216
0.189394  1.93625
0.189713  1.95445
0.190031  1.98124
0.190349  2.03369
0.190668  2.55452
0.190986  1.87801
0.191304  1.88359
0.191623  1.88927
0.191941  1.89505
0.192259  1.90096
0.192577  1.907
0.192896  1.91319
0.193214  1.91956
0.193532  1.92613
0.193851  1.93295
0.194169  1.94005
0.194487  1.9475
0.194806  1.95538
0.195124  1.96382
0.195442  1.97298
0.195761  1.98313
0.196079  1.99471
0.196397  2.00849
0.196716  2.02601
0.197034  2.05103
0.197352  2.09642
0.19767  2.29533
0.197989  1.95066
0.198307  1.95629
0.198625  1.96202
0.198944  1.96785
0.199262  1.9738
0.19958  1.97989
0.199899  1.98613
0.200217  1.99254
0.200535  1.99916
0.200854  2.00601
0.201172  2.01314
0.20149  2.02062
0.201808  2.02853
0.202127  2.03697
0.202445  2.04611
0.202763  2.0562
0.203082  2.06765
0.2034  2.08115
0.203718  2.09807
0.204037  2.12159
0.204355  2.16171
0.204673  2.28838
0.204992  2.0237
0.20531  2.02937
0.205628  2.03515
0.205946  2.04103
0.206265  2.04702
0.206583  2.05316
0.206901  2.05944
0.20722  2.0659
0.207538  2.07255
0.207856  2.07945
0.208175  2.08662
0.208493  2.09412
0.208811  2.10205
0.20913  2.11049
0.209448  2.11962
0.209766  2.12966
0.210085  2.14098
0.210403  2.15422
0.210721  2.17061
0.211039  2.19286
0.211358  2.22891
0.211676  2.3221
0.211994  2.09712
0.212313  2.10284
0.212631  2.10866
0.212949  2.11459
0.213268  2.12064
0.213586  2.12681
0.213904  2.13314
0.214223  2.13964
0.214541  2.14634
0.214859  2.15327
0.215177  2.16048
0.215496  2.16802
0.215814  2.17596
0.216132  2.18441
0.216451  2.19352
0.216769  2.20351
0.217087  2.21472
0.217406  2.22773
0.217724  2.24365
0.218042  2.2648
0.218361  2.29762
0.218679  2.37141
0.218997  2.17095
0.219316  2.17672
0.219634  2.18259
0.219952  2.18856
0.22027  2.19465
0.220589  2.20088
0.220907  2.20725
0.221225  2.2138
0.221544  2.22054
0.221862  2.22751
0.22218  2.23475
0.222499  2.24232
0.222817  2.25028
0.223135  2.25874
0.223454  2.26784
0.223772  2.27778
0.22409  2.28889
0.224408  2.3017
0.224727  2.31718
0.225045  2.33739
0.225363  2.3676
0.225682  2.42876
0.226  7.54934
0.226318  2.25102
0.226637  2.25693
0.226955  2.26295
0.227273  2.26909
0.227592  2.27536
0.22791  2.28178
0.228228  2.28837
0.228546  2.29516
0.228865  2.30217
0.229183  2.30944
0.229501  2.31704
0.22982  2.32503
0.230138  2.3335
0.230456  2.34259
0.230775  2.35249
0.231093  2.3635
0.231411  2.37612
0.23173  2.39122
0.232048  2.41061
0.232366  2.43866
0.232685  2.49099
0.233003  2.76407
0.233321  2.32575
0.233639  2.33171
0.233958  2.33778
0.234276  2.34397
0.234594  2.35029
0.234913  2.35675
0.235231  2.36339
0.235549  2.37021
0.235868  2.37726
0.236186  2.38458
0.236504  2.39221
0.236823  2.40022
0.237141  2.4087
0.237459  2.41778
0.237777  2.42764
0.238096  2.43857
0.238414  2.45101
0.238732  2.46578
0.239051  2.48443
0.239369  2.51068
0.239687  2.55651
0.240006  2.71525
0.240324  2.40094
0.240642  2.40695
0.240961  2.41307
0.241279  2.4193
0.241597  2.42567
0.241916  2.43218
0.242234  2.43886
0.242552  2.44573
0.24287  2.45282
0.243189  2.46017
0.243507  2.46783
0.243825  2.47586
0.244144  2.48436
0.244462  2.49343
0.24478  2.50326
0.245099  2.51411
0.245417  2.5264
0.245735  2.54085
0.246054  2.55887
0.246372  2.5836
0.24669  2.62446
0.247008  2.73681
0.247327  2.4766
0.247645  2.48266
0.247963  2.48882
0.248282  2.4951
0.2486  2.50152
0.248918  2.50807
0.249237  2.5148
0.249555  2.52171
0.249873  2.52884
0.250192  2.53623
0.25051  2.54393
0.250828  2.55198
0.251147  2.56049
0.251465  2.56956
0.251783  2.57937
0.252101  2.59015
0.25242  2.60229
0.252738  2.61647
0.253056  2.63391
0.253375  2.65734
0.253693  2.69431
0.254011  2.78126
0.25433  2.55274
0.254648  2.55885
0.254966  2.56506
0.255285  2.57139
0.255603  2.57785
0.255921  2.58446
0.256239  2.59123
0.256558  2.59819
0.256876  2.60536
0.257194  2.61279
0.257513  2.62051
0.257831  2.6286
0.258149  2.63712
0.258468  2.64619
0.258786  2.65597
0.259104  2.66669
0.259423  2.6787
0.259741  2.69262
0.260059  2.70956
0.260377  2.73186
0.260696  2.7657
0.261014  2.83667
0.261332  2.62939
0.261651  2.63555
0.261969  2.64181
0.262287  2.64819
0.262606  2.6547
0.262924  2.66135
0.263242  2.66817
0.263561  2.67517
0.263879  2.68239
0.264197  2.68985
0.264516  2.69761
0.264834  2.70572
0.265152  2.71426
0.26547  2.72334
0.265789  2.7331
0.266107  2.74376
0.266425  2.75565
0.266744  2.76934
0.267062  2.78583
0.26738  2.80715
0.267699  2.83843
0.268017  2.89845
0.268335  3.29782
0.268654  2.71277
0.268972  2.71908
0.26929  2.72551
0.269608  2.73207
0.269927  2.73877
0.270245  2.74563
0.270563  2.75268
0.270882  2.75994
0.2712  2.76744
0.271518  2.77524
0.271837  2.78338
0.272155  2.79194
0.272473  2.80102
0.272792  2.81076
0.27311  2.82137
0.273428  2.83316
0.273747  2.84664
0.274065  2.86272
0.274383  2.88319
0.274701  2.91233
0.27502  2.96442
0.275338  3.16566
0.275656  2.79053
0.275975  2.79689
0.276293  2.80337
0.276611  2.80998
0.27693  2.81673
0.277248  2.82364
0.277566  2.83073
0.277885  2.83803
0.278203  2.84558
0.278521  2.85341
0.278839  2.86158
0.279158  2.87016
0.279476  2.87925
0.279794  2.88897
0.280113  2.89954
0.280431  2.91123
0.280749  2.92452
0.281068  2.94023
0.281386  2.95995
0.281704  2.9873
0.282023  3.03342
0.282341  3.16917
0.282659  2.86884
0.282977  2.87526
0.283296  2.88179
0.283614  2.88844
0.283932  2.89524
0.284251  2.9022
0.284569  2.90934
0.284887  2.91669
0.285206  2.92428
0.285524  2.93215
0.285842  2.94035
0.286161  2.94895
0.286479  2.95805
0.286797  2.96776
0.287116  2.97829
0.287434  2.98989
0.287752  3.00301
0.28807  3.0184
0.288389  3.03745
0.288707  3.06327
0.289025  3.10474
0.289344  3.20713
0.289662  2.94774
0.28998  2.9542
0.290299  2.96078
0.290617  2.96749
0.290935  2.97434
0.291254  2.98135
0.291572  2.98854
0.29189  2.99593
0.292208  3.00356
0.292527  3.01147
0.292845  3.0197
0.293163  3.02832
0.293482  3.03743
0.2938  3.04715
0.294118  3.05764
0.294437  3.06916
0.294755  3.08213
0.295073  3.09721
0.295392  3.11567
0.29571  3.14019
0.296028  3.17794
0.296347  3.26013
0.296665  3.02723
0.296983  3.03374
0.297301  3.04038
0.29762  3.04714
0.297938  3.05404
0.298256  3.0611
0.298575  3.06833
0.298893  3.07577
0.299211  3.08344
0.29953  3.09139
0.299848  3.09966
0.300166  3.10831
0.300485  3.11743
0.300803  3.12714
0.301121  3.1376
0.301439  3.14906
0.301758  3.16188
0.302076  3.17669
0.302394  3.19463
0.302713  3.21801
0.303031  3.25275
0.303349  3.32143
0.303668  4.00586
0.303986  3.1139
0.304304  3.12059
0.304623  3.1274
0.304941  3.13435
0.305259  3.14146
0.305577  3.14875
0.305896  3.15623
0.306214  3.16395
0.306532  3.17194
0.306851  3.18024
0.307169  3.18892
0.307487  3.19806
0.307806  3.20777
0.308124  3.2182
0.308442  3.22959
0.308761  3.24229
0.309079  3.25686
0.309397  3.27432
0.309716  3.29671
0.310034  3.32896
0.310352  3.38803
0.31067  3.64881
0.310989  3.19469
0.311307  3.20143
0.311625  3.2083
0.311944  3.2153
0.312262  3.22246
0.31258  3.2298
0.312899  3.23733
0.313217  3.2451
0.313535  3.25312
0.313854  3.26146
0.314172  3.27017
0.31449  3.27933
0.314808  3.28904
0.315127  3.29946
0.315445  3.3108
0.315763  3.32338
0.316082  3.33773
0.3164  3.35477
0.316718  3.37629
0.317037  3.40645
0.317355  3.45836
0.317673  3.62354
0.317992  3.27614
0.31831  3.28294
0.318628  3.28986
0.318947  3.29692
0.319265  3.30413
0.319583  3.31151
0.319901  3.3191
0.32022  3.32691
0.320538  3.33498
0.320856  3.34336
0.321175  3.3521
0.321493  3.36127
0.321811  3.37099
0.32213  3.3814
0.322448  3.39268
0.322766  3.40516
0.323085  3.41931
0.323403  3.43597
0.323721  3.45672
0.324039  3.48512
0.324358  3.53152
0.324676  3.65239
0.324994  3.35827
0.325313  3.36512
0.325631  3.37209
0.325949  3.37921
0.326268  3.38647
0.326586  3.39391
0.326904  3.40155
0.327223  3.4094
0.327541  3.41752
0.327859  3.42593
0.328177  3.43471
0.328496  3.44391
0.328814  3.45364
0.329132  3.46403
0.329451  3.47527
0.329769  3.48766
0.330087  3.50163
0.330406  3.51794
0.330724  3.53802
0.331042  3.56491
0.331361  3.60695
0.331679  3.70217
0.331997  3.44109
0.332316  3.448
0.332634  3.45503
0.332952  3.4622
0.33327  3.46952
0.333589  3.47701
0.333907  3.4847
0.334225  3.4926
0.334544  3.50076
0.334862  3.50922
0.33518  3.51803
0.335499  3.52726
0.335817  3.537
0.336135  3.54738
0.336454  3.55859
0.336772  3.57089
0.33709  3.5847
0.337408  3.6007
0.337727  3.62018
0.338045  3.64576
0.338363  3.68428
0.338682  3.76284
0.339  9.13224
0.339318  3.5316
0.339637  3.53869
0.339955  3.54591
0.340273  3.55329
0.340592  3.56084
0.34091  3.56857
0.341228  3.57653
0.341547  3.58474
0.341865  3.59324
0.342183  3.60209
0.342501  3.61134
0.34282  3.6211
0.343138  3.63148
0.343456  3.64266
0.343775  3.65488
0.344093  3.66854
0.344411  3.68427
0.34473  3.70321
0.345048  3.72766
0.345366  3.76329
0.345685  3.83021
0.346003  4.18109
0.346321  3.61594
0.346639  3.62309
0.346958  3.63037
0.347276  3.63781
0.347594  3.64541
0.347913  3.6532
0.348231  3.66121
0.348549  3.66947
0.348868  3.67801
0.349186  3.6869
0.349504  3.69618
0.349823  3.70596
0.350141  3.71634
0.350459  3.72749
0.350777  3.73965
0.351096  3.75318
0.351414  3.76865
0.351732  3.78711
0.352051  3.81057
0.352369  3.84379
0.352687  3.90217
0.353006  4.10547
0.353324  3.70105
0.353642  3.70826
0.353961  3.7156
0.354279  3.72309
0.354597  3.73075
0.354916  3.7386
0.355234  3.74666
0.355552  3.75497
0.35587  3.76356
0.356189  3.77249
0.356507  3.78181
0.356825  3.7916
0.357144  3.80199
0.357462  3.81312
0.35778  3.82522
0.358099  3.83863
0.358417  3.85388
0.358735  3.8719
0.359054  3.89449
0.359372  3.92568
0.35969  3.97755
0.360008  4.12093
0.360327  3.78695
0.360645  3.79422
0.360963  3.80162
0.361282  3.80917
0.3616  3.81689
0.361918  3.8248
0.362237  3.83291
0.362555  3.84127
0.362873  3.84991
0.363192  3.85888
0.36351  3.86823
0.363828  3.87805
0.364147  3.88845
0.364465  3.89957
0.364783  3.91162
0.365101  3.92492
0.36542  3.93996
0.365738  3.9576
0.366056  3.97942
0.366375  4.00888
0.366693  4.05564
0.367011  4.16624
0.36733  3.87366
0.367648  3.88099
0.367966  3.88846
0.368285  3.89607
0.368603  3.90385
0.368921  3.91181
0.369239  3.91999
0.369558  3.9284
0.369876  3.93709
0.370194  3.9461
0.370513  3.95549
0.370831  3.96534
0.371149  3.97575
0.371468  3.98686
0.371786  3.99886
0.372104  4.01207
0.372423  4.02693
0.372741  4.04422
0.373059  4.06535
0.373377  4.09332
0.373696  4.136
0.374014  4.22597
0.374332  3.96121
0.374651  3.96861
0.374969  3.97614
0.375287  3.98381
0.375606  3.99165
0.375924  3.99968
0.376242  4.00791
0.376561  4.01638
0.376879  4.02512
0.377197  4.03417
0.377516  4.0436
0.377834  4.05348
0.378152  4.06391
0.37847  4.07501
0.378789  4.08698
0.379107  4.1001
0.379425  4.11479
0.379744  4.13177
0.380062  4.1523
0.38038  4.17898
0.380699  4.21831
0.381017  4.29419
0.381335  4.80009
0.381654  4.05709
0.381972  4.06468
0.38229  4.07242
0.382608  4.08033
0.382927  4.08841
0.383245  4.0967
0.383563  4.10523
0.383882  4.11402
0.3842  4.12313
0.384518  4.1326
0.384837  4.14251
0.385155  4.15295
0.385473  4.16406
0.385792  4.176
0.38611  4.18904
0.386428  4.20359
0.386747  4.22028
0.387065  4.24027
0.387383  4.26582
0.387701  4.30239
0.38802  4.36807
0.388338  4.62271
0.388656  4.14646
0.388975  4.15412
0.389293  4.16193
0.389611  4.16989
0.38993  4.17804
0.390248  4.18639
0.390566  4.19498
0.390885  4.20383
0.391203  4.21298
0.391521  4.2225
0.391839  4.23245
0.392158  4.24291
0.392476  4.25402
0.392794  4.26594
0.393113  4.27892
0.393431  4.29333
0.393749  4.30977
0.394068  4.32927
0.394386  4.35384
0.394704  4.38808
0.395023  4.44609
0.395341  4.6175
0.395659  4.23676
0.395977  4.24448
0.396296  4.25235
0.396614  4.26039
0.396932  4.2686
0.397251  4.27701
0.397569  4.28566
0.397887  4.29456
0.398206  4.30377
0.398524  4.31334
0.398842  4.32332
0.399161  4.33382
0.399479  4.34493
0.399797  4.35684
0.400116  4.36976
0.400434  4.38405
0.400752  4.40026
0.40107  4.41933
0.401389  4.44303
0.401707  4.4753
0.402025  4.52734
0.402344  4.65635
0.402662  4.32799
0.40298  4.33579
0.403299  4.34373
0.403617  4.35183
0.403935  4.36011
0.404254  4.36859
0.404572  4.3773
0.40489  4.38626
0.405208  4.39553
0.405527  4.40514
0.405845  4.41517
0.406163  4.42569
0.406482  4.43682
0.4068  4.44872
0.407118  4.46159
0.407437  4.47577
0.407755  4.49178
0.408073  4.51045
0.408392  4.53339
0.40871  4.56397
0.409028  4.61126
0.409347  4.71459
0.409665  4.42021
0.409983  4.42807
0.410301  4.43609
0.41062  4.44425
0.410938  4.4526
0.411256  4.46115
0.411575  4.46992
0.411893  4.47895
0.412211  4.48827
0.41253  4.49793
0.412848  4.508
0.413166  4.51856
0.413485  4.52971
0.413803  4.5416
0.414121  4.55444
0.414439  4.56853
0.414758  4.58434
0.415076  4.60267
0.415394  4.62492
0.415713  4.65404
0.416031  4.69749
0.416349  4.78368
0.416668  5.64083
0.416986  4.52137
0.417304  4.52945
0.417623  4.53769
0.417941  4.54611
0.418259  4.55472
0.418578  4.56356
0.418896  4.57265
0.419214  4.58203
0.419532  4.59175
0.419851  4.60187
0.420169  4.61246
0.420487  4.62363
0.420806  4.63552
0.421124  4.64833
0.421442  4.66234
0.421761  4.67799
0.422079  4.696
0.422397  4.71765
0.422716  4.7455
0.423034  4.78577
0.423352  4.85977
0.42367  5.18714
0.423989  4.61569
0.424307  4.62385
0.424625  4.63216
0.424944  4.64065
0.425262  4.64934
0.42558  4.65824
0.425899  4.6674
0.426217  4.67684
0.426535  4.68662
0.426854  4.69679
0.427172  4.70742
0.42749  4.71862
0.427808  4.73051
0.428127  4.7433
0.428445  4.75723
0.428763  4.77274
0.429082  4.79046
0.4294  4.81157
0.429718  4.83832
0.430037  4.87593
0.430355  4.94087
0.430673  5.14802
0.430992  4.71109
0.43131  4.71932
0.431628  4.72771
0.431947  4.73627
0.432265  4.74503
0.432583  4.754
0.432901  4.76323
0.43322  4.77274
0.433538  4.78257
0.433856  4.79279
0.434175  4.80347
0.434493  4.8147
0.434811  4.82661
0.43513  4.83937
0.435448  4.85325
0.435766  4.86862
0.436085  4.88609
0.436403  4.90672
0.436721  4.93249
0.437039  4.96786
0.437358  5.02583
0.437676  5.17723
0.437994  4.80758
0.438313  4.81589
0.438631  4.82436
0.438949  4.833
0.439268  4.84183
0.439586  4.85088
0.439904  4.86017
0.440223  4.86975
0.440541  4.87964
0.440859  4.88992
0.441178  4.90065
0.441496  4.91191
0.441814  4.92383
0.442132  4.93659
0.442451  4.95041
0.442769  4.96567
0.443087  4.98292
0.443406  5.00311
0.443724  5.02802
0.444042  5.06148
0.444361  5.11394
0.444679  5.23309
0.444997  4.90521
0.445316  4.9136
0.445634  4.92215
0.445952  4.93086
0.44627  4.93977
0.446589  4.9489
0.446907  4.95826
0.447225  4.96791
0.447544  4.97787
0.447862  4.9882
0.44818  4.99898
0.448499  5.01028
0.448817  5.02223
0.449135  5.03498
0.449454  5.04876
0.449772  5.06392
0.45009  5.08096
0.450408  5.10077
0.450727  5.12492
0.451045  5.15673
0.451363  5.20476
0.451682  5.30295
0.452  11.0949
0.452318  5.01248
0.452637  5.02111
0.452955  5.0299
0.453273  5.03889
0.453592  5.04809
0.45391  5.05753
0.454228  5.06725
0.454547  5.07728
0.454865  5.08768
0.455183  5.0985
0.455501  5.10985
0.45582  5.12182
0.456138  5.13458
0.456456  5.14833
0.456775  5.1634
0.457093  5.18026
0.457411  5.19972
0.45773  5.2232
0.458048  5.25358
0.458366  5.29797
0.458685  5.38155
0.459003  5.81994
0.459321  5.11256
0.459639  5.12127
0.459958  5.13015
0.460276  5.13922
0.460594  5.1485
0.460913  5.15802
0.461231  5.16781
0.461549  5.17791
0.461868  5.18837
0.462186  5.19926
0.462504  5.21065
0.462823  5.22266
0.463141  5.23542
0.463459  5.24915
0.463778  5.26414
0.464096  5.28084
0.464414  5.29999
0.464732  5.32287
0.465051  5.35201
0.465369  5.39337
0.465687  5.46623
0.466006  5.72028
0.466324  5.21389
0.466642  5.22268
0.466961  5.23165
0.467279  5.2408
0.467597  5.25016
0.467916  5.25976
0.468234  5.26963
0.468552  5.2798
0.46887  5.29033
0.469189  5.30128
0.469507  5.31272
0.469825  5.32477
0.470144  5.33755
0.470462  5.35126
0.47078  5.36618
0.471099  5.38275
0.471417  5.40161
0.471735  5.42396
0.472054  5.45201
0.472372  5.49083
0.47269  5.55553
0.473008  5.73463
0.473327  5.3165
0.473645  5.32538
0.473963  5.33443
0.474282  5.34367
0.4746  5.35312
0.474918  5.3628
0.475237  5.37274
0.475555  5.383
0.475873  5.3936
0.476192  5.40461
0.47651  5.41611
0.476828  5.42819
0.477147  5.44099
0.477465  5.4547
0.477783  5.46957
0.478101  5.48601
0.47842  5.50463
0.478738  5.52649
0.479056  5.55359
0.479375  5.59025
0.479693  5.64855
0.480011  5.78666
0.48033  5.42042
0.480648  5.42939
0.480966  5.43854
0.481285  5.44786
0.481603  5.4574
0.481921  5.46716
0.482239  5.47719
0.482558  5.48752
0.482876  5.4982
0.483194  5.50928
0.483513  5.52084
0.483831  5.53297
0.484149  5.54579
0.484468  5.5595
0.484786  5.57433
0.485104  5.59066
0.485423  5.60906
0.485741  5.6305
0.486059  5.65675
0.486378  5.69156
0.486696  5.74475
0.487014  5.85707
0.487332  5.52571
0.487651  5.53477
0.487969  5.54401
0.488287  5.55343
0.488606  5.56305
0.488924  5.57291
0.489242  5.58302
0.489561  5.59343
0.489879  5.60419
0.490197  5.61534
0.490516  5.62696
0.490834  5.63914
0.491152  5.652
0.49147  5.66571
0.491789  5.68052
0.492107  5.69675
0.492425  5.71496
0.492744  5.73602
0.493062  5.76152
0.49338  5.79472
0.493699  5.84375
0.494017  5.93845
0.494335  6.56895
0.494654  5.64156
0.494972  5.65089
0.49529  5.6604
0.495608  5.67012
0.495927  5.68006
0.496245  5.69027
0.496563  5.70077
0.496882  5.7116
0.4972  5.72283
0.497518  5.73451
0.497837  5.74675
0.498155  5.75965
0.498473  5.77338
0.498792  5.78816
0.49911  5.80432
0.499428  5.82235
0.499747  5.84307
0.500065  5.86791
0.500383  5.89972
0.500701  5.9453
0.50102  6.02727
0.501338  6.34515
0.501656  5.74979
0.501975  5.75922
0.502293  5.76883
0.502611  5.77864
0.50293  5.78868
0.503248  5.79898
0.503566  5.80956
0.503885  5.82048
0.504203  5.83179
0.504521  5.84355
0.504839  5.85584
0.505158  5.86879
0.505476  5.88254
0.505794  5.89731
0.506113  5.9134
0.506431  5.93128
0.506749  5.9517
0.507068  5.97595
0.507386  6.00655
0.507704  6.04924
0.508023  6.12163
0.508341  6.3357
0.508659  5.85952
0.508978  5.86904
0.509296  5.87875
0.509614  5.88866
0.509932  5.8988
0.510251  5.90919
0.510569  5.91987
0.510887  5.93088
0.511206  5.94227
0.511524  5.9541
0.511842  5.96647
0.512161  5.97946
0.512479  5.99324
0.512797  6.00801
0.513116  6.02405
0.513434  6.0418
0.513752  6.06195
0.51407  6.08568
0.514389  6.11521
0.514707  6.15545
0.515025  6.22042
0.515344  6.38159
0.515662  5.97078
0.51598  5.98041
0.516299  5.99023
0.516617  6.00024
0.516935  6.01048
0.517254  6.02097
0.517572  6.03175
0.51789  6.04285
0.518208  6.05432
0.518527  6.06623
0.518845  6.07867
0.519163  6.09172
0.519482  6.10554
0.5198  6.12031
0.520118  6.13631
0.520437  6.15395
0.520755  6.17386
0.521073  6.19712
0.521392  6.22571
0.52171  6.26387
0.522028  6.32293
0.522347  6.45207
0.522665  6.08364
0.522983  6.09338
0.523301  6.1033
0.52362  6.11342
0.523938  6.12376
0.524256  6.13435
0.524575  6.14523
0.524893  6.15642
0.525211  6.16799
0.52553  6.17999
0.525848  6.19249
0.526166  6.20561
0.526485  6.21947
0.526803  6.23425
0.527121  6.25023
0.527439  6.26777
0.527758  6.28747
0.528076  6.31032
0.528394  6.33809
0.528713  6.37445
0.529031  6.42873
0.529349  6.53649
0.529668  7.60283
0.529986  6.20799
0.530304  6.21802
0.530623  6.22824
0.530941  6.23869
0.531259  6.24939
0.531578  6.26037
0.531896  6.27167
0.532214  6.28333
0.532532  6.29541
0.532851  6.308
0.533169  6.32118
0.533487  6.33509
0.533806  6.3499
0.534124  6.36586
0.534442  6.38332
0.534761  6.40284
0.535079  6.42532
0.535397  6.45236
0.535716  6.48716
0.536034  6.53751
0.536352  6.63009
0.53667  7.03926
0.536989  6.32429
0.537307  6.33443
0.537625  6.34478
0.537944  6.35534
0.538262  6.36614
0.53858  6.37723
0.538899  6.38863
0.539217  6.40039
0.539535  6.41257
0.539854  6.42524
0.540172  6.4385
0.54049  6.45246
0.540808  6.4673
0.541127  6.48325
0.541445  6.50065
0.541763  6.52002
0.542082  6.54217
0.5424  6.56856
0.542718  6.60201
0.543037  6.64908
0.543355  6.73037
0.543673  6.9896
0.543992  6.44235
0.54431  6.45261
0.544628  6.46307
0.544947  6.47374
0.545265  6.48466
0.545583  6.49586
0.545901  6.50737
0.54622  6.51923
0.546538  6.53151
0.546856  6.54427
0.547175  6.5576
0.547493  6.57163
0.547811  6.58651
0.54813  6.60247
0.548448  6.61982
0.548766  6.63905
0.549085  6.66091
0.549403  6.68673
0.549721  6.719
0.550039  6.7633
0.550358  6.83593
0.550676  7.02558
0.550994  6.56222
0.551313  6.5726
0.551631  6.58317
0.551949  6.59397
0.552268  6.60501
0.552586  6.61632
0.552904  6.62794
0.553223  6.63991
0.553541  6.65229
0.553859  6.66515
0.554178  6.67857
0.554496  6.69266
0.554814  6.70759
0.555132  6.72357
0.555451  6.74088
0.555769  6.75999
0.556087  6.78161
0.556406  6.80692
0.556724  6.83815
0.557042  6.8801
0.557361  6.94589
0.557679  7.09528
0.557997  6.68396
0.558316  6.69446
0.558634  6.70516
0.558952  6.71608
0.55927  6.72724
0.559589  6.73867
0.559907  6.7504
0.560225  6.76249
0.560544  6.77498
0.560862  6.78793
0.56118  6.80144
0.561499  6.81562
0.561817  6.8306
0.562135  6.8466
0.562454  6.8639
0.562772  6.88291
0.56309  6.9043
0.563408  6.92916
0.563727  6.95949
0.564045  6.99942
0.564363  7.05972
0.564682  7.18297
0.565  13.6501
0.565318  6.81826
0.565637  6.82908
0.565955  6.84013
0.566273  6.85141
0.566592  6.86297
0.56691  6.87483
0.567228  6.88703
0.567547  6.89963
0.567865  6.91269
0.568183  6.9263
0.568501  6.94056
0.56882  6.95561
0.569138  6.97164
0.569456  6.98893
0.569775  7.00787
0.570093  7.02907
0.570411  7.05353
0.57073  7.08305
0.571048  7.12125
0.571366  7.17705
0.571685  7.28207
0.572003  7.8318
0.572321  6.94406
0.572639  6.95502
0.572958  6.96619
0.573276  6.97761
0.573594  6.98929
0.573913  7.00127
0.574231  7.0136
0.574549  7.02632
0.574868  7.03949
0.575186  7.0532
0.575504  7.06755
0.575823  7.08267
0.576141  7.09875
0.576459  7.11604
0.576778  7.13492
0.577096  7.15596
0.577414  7.18007
0.577732  7.20888
0.578051  7.24558
0.578369  7.29764
0.578687  7.38931
0.579006  7.70857
0.579324  7.07192
0.579642  7.08302
0.579961  7.09433
0.580279  7.10588
0.580597  7.1177
0.580916  7.12981
0.581234  7.14226
0.581552  7.15511
0.58187  7.1684
0.582189  7.18222
0.582507  7.19666
0.582825  7.21186
0.583144  7.228
0.583462  7.24531
0.58378  7.26414
0.584099  7.28504
0.584417  7.30885
0.584735  7.33704
0.585054  7.37242
0.585372  7.42136
0.58569  7.50287
0.586009  7.72833
0.586327  7.20193
0.586645  7.21317
0.586963  7.22462
0.587282  7.23631
0.5876  7.24826
0.587918  7.26051
0.588237  7.2731
0.588555  7.28607
0.588873  7.29949
0.589192  7.31342
0.58951  7.32797
0.589828  7.34326
0.590147  7.35946
0.590465  7.3768
0.590783  7.39561
0.591101  7.41639
0.59142  7.43994
0.591738  7.46757
0.592056  7.50181
0.592375  7.5481
0.592693  7.62168
0.593011  7.79579
0.59333  7.33416
0.593648  7.34554
0.593966  7.35714
0.594285  7.36897
0.594603  7.38107
0.594921  7.39346
0.595239  7.40618
0.595558  7.41929
0.595876  7.43284
0.596194  7.44689
0.596513  7.46155
0.596831  7.47694
0.597149  7.49321
0.597468  7.51059
0.597786  7.52939
0.598104  7.55008
0.598423  7.5734
0.598741  7.60055
0.599059  7.63378
0.599378  7.67781
0.599696  7.74505
0.600014  7.88689
0.600332  7.46867
0.600651  7.48021
0.600969  7.49196
0.601287  7.50394
0.601606  7.51618
0.601924  7.52872
0.602242  7.54159
0.602561  7.55484
0.602879  7.56852
0.603197  7.5827
0.603516  7.59748
0.603834  7.61297
0.604152  7.62933
0.60447  7.64676
0.604789  7.66557
0.605107  7.68619
0.605425  7.70931
0.605744  7.73604
0.606062  7.76839
0.60638  7.81047
0.606699  7.87256
0.607017  7.99237
0.607335  8.787
0.607654  7.61726
0.607972  7.62916
0.60829  7.6413
0.608609  7.6537
0.608927  7.66639
0.609245  7.67941
0.609563  7.6928
0.609882  7.70663
0.6102  7.72095
0.610518  7.73585
0.610837  7.75145
0.611155  7.7679
0.611473  7.7854
0.611792  7.80422
0.61211  7.8248
0.612428  7.84775
0.612747  7.87411
0.613065  7.90569
0.613383  7.94609
0.613701  8.00393
0.61402  8.10783
0.614338  8.50988
0.614656  7.75677
0.614975  7.76884
0.615293  7.78114
0.615611  7.7937
0.61593  7.80655
0.616248  7.81972
0.616566  7.83327
0.616885  7.84724
0.617203  7.8617
0.617521  7.87674
0.617839  7.89246
0.618158  7.90901
0.618476  7.92659
0.618794  7.94545
0.619113  7.966
0.619431  7.98881
0.619749  8.01485
0.620068  8.04575
0.620386  8.0847
0.620704  8.13899
0.621023  8.23093
0.621341  8.50233
0.621659  7.89884
0.621978  7.91108
0.622296  7.92354
0.622614  7.93627
0.622932  7.94928
0.623251  7.96262
0.623569  7.97633
0.623887  7.99046
0.624206  8.00507
0.624524  8.02025
0.624842  8.0361
0.625161  8.05276
0.625479  8.07042
0.625797  8.08933
0.626116  8.10987
0.626434  8.13258
0.626752  8.15834
0.62707  8.18865
0.627389  8.22634
0.627707  8.27763
0.628025  8.36032
0.628344  8.56511
0.628662  8.04357
0.62898  8.05597
0.629299  8.06861
0.629617  8.08151
0.629935  8.0947
0.630254  8.10821
0.630572  8.12208
0.63089  8.13637
0.631209  8.15114
0.631527  8.16647
0.631845  8.18246
0.632163  8.19924
0.632482  8.217
0.6328  8.23598
0.633118  8.25652
0.633437  8.27915
0.633755  8.30468
0.634073  8.33447
0.634392  8.37105
0.63471  8.4198
0.635028  8.49515
0.635347  8.65962
0.635665  8.19104
0.635983  8.20363
0.636301  8.21645
0.63662  8.22953
0.636938  8.24289
0.637256  8.25658
0.637575  8.27062
0.637893  8.28508
0.638211  8.30002
0.63853  8.31551
0.638848  8.33164
0.639166  8.34856
0.639485  8.36643
0.639803  8.38548
0.640121  8.40605
0.640439  8.42862
0.640758  8.45396
0.641076  8.4833
0.641394  8.51892
0.641713  8.5655
0.642031  8.63492
0.642349  8.77249
0.642668  10.1241
0.642986  8.35415
0.643304  8.36715
0.643623  8.38042
0.643941  8.39397
0.644259  8.40784
0.644578  8.42207
0.644896  8.43671
0.645214  8.45181
0.645532  8.46747
0.645851  8.48376
0.646169  8.50082
0.646487  8.51881
0.646806  8.53796
0.647124  8.55857
0.647442  8.58111
0.647761  8.60628
0.648079  8.63524
0.648397  8.67002
0.648716  8.71473
0.649034  8.77929
0.649352  8.89778
0.64967  9.41987
0.649989  8.50764
0.650307  8.52084
0.650625  8.5343
0.650944  8.54804
0.651262  8.5621
0.65158  8.57652
0.651899  8.59135
0.652217  8.60664
0.652535  8.62247
0.652854  8.63893
0.653172  8.65614
0.65349  8.67427
0.653809  8.69351
0.654127  8.71419
0.654445  8.73672
0.654763  8.76176
0.655082  8.79039
0.6554  8.82444
0.655718  8.86754
0.656037  8.92806
0.656355  9.03239
0.656673  9.36423
0.656992  8.66422
0.65731  8.67763
0.657628  8.69129
0.657947  8.70523
0.658265  8.71949
0.658583  8.73411
0.658901  8.74913
0.65922  8.76461
0.659538  8.78063
0.659856  8.79726
0.660175  8.81464
0.660493  8.83291
0.660811  8.85228
0.66113  8.87303
0.661448  8.89557
0.661766  8.92053
0.662085  8.94887
0.662403  8.98229
0.662721  9.02399
0.663039  9.08113
0.663358  9.17461
0.663676  9.4181
0.663994  8.82402
0.664313  8.83764
0.664631  8.85151
0.664949  8.86566
0.665268  8.88013
0.665586  8.89496
0.665904  8.91018
0.666223  8.92586
0.666541  8.94207
0.666859  8.9589
0.667178  8.97645
0.667496  8.99488
0.667814  9.01438
0.668132  9.03522
0.668451  9.0578
0.668769  9.08269
0.669087  9.1108
0.669406  9.14367
0.669724  9.18417
0.670042  9.23845
0.670361  9.32339
0.670679  9.51577
0.670997  8.98717
0.671316  9.001
0.671634  9.01509
0.671952  9.02946
0.67227  9.04415
0.672589  9.05919
0.672907  9.07463
0.673225  9.09052
0.673544  9.10694
0.673862  9.12396
0.67418  9.1417
0.674499  9.1603
0.674817  9.17995
0.675135  9.2009
0.675454  9.22354
0.675772  9.24839
0.67609  9.27632
0.676409  9.30872
0.676727  9.34817
0.677045  9.40001
0.677363  9.47811
0.677682  9.63734
0.678  17.21
0.678318  9.16786
0.678637  9.18218
0.678955  9.19678
0.679273  9.2117
0.679592  9.22696
0.67991  9.24263
0.680228  9.25874
0.680547  9.27537
0.680865  9.2926
0.681183  9.31054
0.681501  9.32932
0.68182  9.34913
0.682138  9.37022
0.682456  9.39293
0.682775  9.41778
0.683093  9.44556
0.683411  9.47756
0.68373  9.5161
0.684048  9.56587
0.684366  9.63839
0.684685  9.77452
0.685003  10.484
0.685321  9.33837
0.685639  9.35292
0.685958  9.36776
0.686276  9.38291
0.686594  9.39842
0.686913  9.41431
0.687231  9.43066
0.687549  9.44751
0.687868  9.46497
0.688186  9.48312
0.688504  9.5021
0.688823  9.52208
0.689141  9.54331
0.689459  9.56612
0.689778  9.591
0.690096  9.61867
0.690414  9.65034
0.690732  9.6881
0.691051  9.73608
0.691369  9.804
0.691687  9.92324
0.692006  10.3371
0.692324  9.51267
0.692642  9.52748
0.692961  9.54256
0.693279  9.55796
0.693597  9.57371
0.693916  9.58985
0.694234  9.60644
0.694552  9.62354
0.69487  9.64122
0.695189  9.6596
0.695507  9.67879
0.695825  9.69897
0.696144  9.72036
0.696462  9.74329
0.69678  9.76821
0.697099  9.79582
0.697417  9.82721
0.697735  9.8643
0.698054  9.91075
0.698372  9.97483
0.69869  10.0813
0.699009  10.3746
0.699327  9.69094
0.699645  9.70601
0.699963  9.72135
0.700282  9.73701
0.7006  9.75302
0.700918  9.76942
0.701237  9.78626
0.701555  9.80361
0.701873  9.82154
0.702192  9.84015
0.70251  9.85957
0.702828  9.87995
0.703147  9.90153
0.703465  9.9246
0.703783  9.9496
0.704101  9.97717
0.70442  10.0084
0.704738  10.0449
0.705056  10.09
0.705375  10.1509
0.705693  10.2473
0.706011  10.4748
0.70633  9.87336
0.706648  9.88869
0.706966  9.90431
0.707285  9.92024
0.707603  9.93652
0.707921  9.95319
0.708239  9.9703
0.708558  9.98791
0.708876  10.0061
0.709194  10.025
0.709513  10.0446
0.709831  10.0652
0.710149  10.087
0.710468  10.1102
0.710786  10.1353
0.711104  10.1629
0.711423  10.1939
0.711741  10.23
0.712059  10.274
0.712378  10.3321
0.712696  10.4206
0.713014  10.6067
0.713332  10.0601
0.713651  10.0757
0.713969  10.0916
0.714287  10.1078
0.714606  10.1244
0.714924  10.1414
0.715242  10.1587
0.715561  10.1766
0.715879  10.1951
0.716197  10.2142
0.716516  10.2342
0.716834  10.255
0.717152  10.277
0.71747  10.3004
0.717789  10.3256
0.718107  10.3533
0.718425  10.3842
0.718744  10.4198
0.719062  10.4628
0.71938  10.5186
0.719699  10.6007
0.720017  10.7585
0.720335  11.799
0.720654  10.2673
0.720972  10.2835
0.72129  10.3
0.721609  10.3169
0.721927  10.3341
0.722245  10.3518
0.722563  10.37
0.722882  10.3888
0.7232  10.4082
0.723518  10.4284
0.723837  10.4495
0.724155  10.4717
0.724473  10.4953
0.724792  10.5207
0.72511  10.5484
0.725428  10.5792
0.725747  10.6146
0.726065  10.6568
0.726383  10.7106
0.726701  10.7874
0.72702  10.9249
0.727338  11.4545
0.727656  10.4637
0.727975  10.4802
0.728293  10.497
0.728611  10.5142
0.72893  10.5317
0.729248  10.5497
0.729566  10.5682
0.729885  10.5873
0.730203  10.607
0.730521  10.6275
0.730839  10.6489
0.731158  10.6714
0.731476  10.6952
0.731794  10.7208
0.732113  10.7486
0.732431  10.7794
0.732749  10.8145
0.733068  10.856
0.733386  10.9081
0.733704  10.9806
0.734023  11.1028
0.734341  11.4621
0.734659  10.665
0.734978  10.6819
0.735296  10.699
0.735614  10.7165
0.735932  10.7344
0.736251  10.7527
0.736569  10.7716
0.736887  10.7909
0.737206  10.811
0.737524  10.8318
0.737842  10.8534
0.738161  10.8762
0.738479  10.9003
0.738797  10.9261
0.739116  10.954
0.739434  10.9849
0.739752  11.0198
0.74007  11.0607
0.740389  11.1114
0.740707  11.1802
0.741025  11.2907
0.741344  11.5632
0.741662  10.8717
0.74198  10.8888
0.742299  10.9063
0.742617  10.9242
0.742935  10.9424
0.743254  10.9611
0.743572  10.9802
0.74389  11
0.744209  11.0203
0.744527  11.0414
0.744845  11.0635
0.745163  11.0865
0.745482  11.1109
0.7458  11.1369
0.746118  11.165
0.746437  11.1959
0.746755  11.2307
0.747073  11.2712
0.747392  11.3207
0.74771  11.3864
0.748028  11.4877
0.748347  11.7076
0.748665  11.0838
0.748983  11.1013
0.749301  11.1192
0.74962  11.1374
0.749938  11.156
0.750256  11.175
0.750575  11.1946
0.750893  11.2146
0.751211  11.2354
0.75153  11.2568
0.751848  11.2792
0.752166  11.3026
0.752485  11.3273
0.752803  11.3535
0.753121  11.3819
0.75344  11.4129
0.753758  11.4476
0.754076  11.4877
0.754394  11.5362
0.754713  11.5994
0.755031  11.6932
0.755349  11.8782
0.755668  13.6784
0.755986  11.3197
0.756304  11.3379
0.756623  11.3565
0.756941  11.3755
0.757259  11.3949
0.757578  11.4148
0.757896  11.4353
0.758214  11.4564
0.758532  11.4782
0.758851  11.5009
0.759169  11.5247
0.759487  11.5497
0.759806  11.5763
0.760124  11.6048
0.760442  11.636
0.760761  11.6707
0.761079  11.7105
0.761397  11.7582
0.761716  11.8192
0.762034  11.9069
0.762352  12.0672
0.76267  12.7694
0.762989  11.5442
0.763307  11.5628
0.763625  11.5818
0.763944  11.6012
0.764262  11.621
0.76458  11.6413
0.764899  11.6622
0.765217  11.6837
0.765535  11.706
0.765854  11.7291
0.766172  11.7532
0.76649  11.7786
0.766809  11.8055
0.767127  11.8343
0.767445  11.8656
0.767763  11.9004
0.768082  11.94
0.7684  11.987
0.768718  12.0462
0.769037  12.129
0.769355  12.271
0.769673  12.7201
0.769992  11.7752
0.77031  11.7942
0.770628  11.8137
0.770947  11.8335
0.771265  11.8537
0.771583  11.8745
0.771901  11.8958
0.77222  11.9177
0.772538  11.9404
0.772856  11.9639
0.773175  11.9884
0.773493  12.0142
0.773811  12.0414
0.77413  12.0706
0.774448  12.1022
0.774766  12.1371
0.775085  12.1766
0.775403  12.223
0.775721  12.2806
0.77604  12.3593
0.776358  12.4874
0.776676  12.8191
0.776994  12.0131
0.777313  12.0326
0.777631  12.0524
0.777949  12.0727
0.778268  12.0934
0.778586  12.1146
0.778904  12.1364
0.779223  12.1587
0.779541  12.1819
0.779859  12.2058
0.780178  12.2308
0.780496  12.257
0.780814  12.2846
0.781132  12.3141
0.781451  12.346
0.781769  12.3811
0.782087  12.4205
0.782406  12.4665
0.782724  12.5229
0.783042  12.5982
0.783361  12.7153
0.783679  12.9792
0.783997  12.2582
0.784316  12.2782
0.784634  12.2986
0.784952  12.3193
0.78527  12.3405
0.785589  12.3622
0.785907  12.3844
0.786225  12.4073
0.786544  12.4309
0.786862  12.4553
0.78718  12.4808
0.787499  12.5074
0.787817  12.5355
0.788135  12.5654
0.788454  12.5976
0.788772  12.6329
0.78909  12.6724
0.789409  12.718
0.789727  12.7734
0.790045  12.8458
0.790363  12.9544
0.790682  13.1743
0.791  22.7653
0.791318  12.5316
0.791637  12.5525
0.791955  12.5737
0.792273  12.5954
0.792592  12.6176
0.79291  12.6404
0.793228  12.6637
0.793547  12.6879
0.793865  12.7128
0.794183  12.7387
0.794501  12.7659
0.79482  12.7944
0.795138  12.8248
0.795456  12.8573
0.795775  12.8929
0.796093  12.9325
0.796411  12.978
0.79673  13.0326
0.797048  13.1026
0.797366  13.2042
0.797685  13.3937
0.798003  14.374
0.798321  12.7932
0.79864  12.8146
0.798958  12.8364
0.799276  12.8587
0.799594  12.8814
0.799913  12.9047
0.800231  12.9287
0.800549  12.9533
0.800868  12.9788
0.801186  13.0053
0.801504  13.033
0.801823  13.062
0.802141  13.0928
0.802459  13.1259
0.802778  13.1618
0.803096  13.2016
0.803414  13.247
0.803732  13.3009
0.804051  13.369
0.804369  13.4649
0.804687  13.6323
0.805006  14.2091
0.805324  13.0637
0.805642  13.0856
0.805961  13.108
0.806279  13.1308
0.806597  13.1542
0.806916  13.1781
0.807234  13.2026
0.807552  13.2278
0.80787  13.2539
0.808189  13.281
0.808507  13.3092
0.808825  13.3388
0.809144  13.3702
0.809462  13.4037
0.80978  13.44
0.810099  13.4801
0.810417  13.5255
0.810735  13.5789
0.811054  13.6455
0.811372  13.7368
0.81169  13.8874
0.812009  14.2999
0.812327  13.3435
0.812645  13.3661
0.812963  13.3891
0.813282  13.4125
0.8136  13.4365
0.813918  13.461
0.814237  13.4861
0.814555  13.512
0.814873  13.5387
0.815192  13.5664
0.81551  13.5953
0.815828  13.6255
0.816147  13.6574
0.816465  13.6915
0.816783  13.7283
0.817101  13.7687
0.81742  13.8143
0.817738  13.8674
0.818056  13.9327
0.818375  14.0202
0.818693  14.158
0.819011  14.4807
0.81933  13.6334
0.819648  13.6566
0.819966  13.6803
0.820285  13.7044
0.820603  13.729
0.820921  13.7542
0.82124  13.78
0.821558  13.8066
0.821876  13.834
0.822194  13.8623
0.822513  13.8919
0.822831  13.9228
0.823149  13.9553
0.823468  13.99
0.823786  14.0273
0.824104  14.0682
0.824423  14.114
0.824741  14.1669
0.825059  14.2313
0.825378  14.3157
0.825696  14.4434
0.826014  14.7099
0.826332  13.9341
0.826651  13.958
0.826969  13.9823
0.827287  14.0072
0.827606  14.0325
0.827924  14.0584
0.828242  14.085
0.828561  14.1123
0.828879  14.1404
0.829197  14.1695
0.829516  14.1998
0.829834  14.2314
0.830152  14.2646
0.83047  14.3
0.830789  14.3379
0.831107  14.3793
0.831425  14.4254
0.831744  14.4784
0.832062  14.542
0.83238  14.624
0.832699  14.7436
0.833017  14.972
0.833335  16.4624
0.833654  14.271
0.833972  14.2961
0.83429  14.3217
0.834609  14.3478
0.834927  14.3745
0.835245  14.4019
0.835563  14.43
0.835882  14.4589
0.8362  14.4888
0.836518  14.5198
0.836837  14.5522
0.837155  14.5863
0.837473  14.6223
0.837792  14.661
0.83811  14.703
0.838428  14.7496
0.838747  14.8027
0.839065  14.8658
0.839383  14.9458
0.839701  15.0591
0.84002  15.2602
0.840338  16.0283
0.840656  14.5967
0.840975  14.6226
0.841293  14.649
0.841611  14.676
0.84193  14.7035
0.842248  14.7317
0.842566  14.7606
0.842885  14.7904
0.843203  14.8212
0.843521  14.8531
0.84384  14.8863
0.844158  14.9212
0.844476  14.9581
0.844794  14.9975
0.845113  15.0403
0.845431  15.0874
0.845749  15.1408
0.846068  15.2037
0.846386  15.2821
0.846704  15.3903
0.847023  15.5713
0.847341  16.0985
0.847659  14.9359
0.847978  14.9627
0.848296  14.9901
0.848614  15.0179
0.848932  15.0464
0.849251  15.0755
0.849569  15.1053
0.849887  15.1361
0.850206  15.1678
0.850524  15.2006
0.850842  15.2348
0.851161  15.2706
0.851479  15.3084
0.851797  15.3488
0.852116  15.3923
0.852434  15.4401
0.852752  15.494
0.85307  15.5568
0.853389  15.6342
0.853707  15.7383
0.854025  15.904
0.854344  16.3088
0.854662  15.29
0.85498  15.3178
0.855299  15.3461
0.855617  15.3749
0.855935  15.4044
0.856254  15.4345
0.856572  15.4654
0.85689  15.4971
0.857209  15.5298
0.857527  15.5637
0.857845  15.5989
0.858163  15.6358
0.858482  15.6746
0.8588  15.7159
0.859118  15.7604
0.859437  15.8091
0.859755  15.8635
0.860073  15.9266
0.860392  16.0032
0.86071  16.1041
0.861028  16.258
0.861347  16.5893
0.861665  15.6603
0.861983  15.6892
0.862301  15.7185
0.86262  15.7484
0.862938  15.7789
0.863256  15.8102
0.863575  15.8421
0.863893  15.875
0.864211  15.9088
0.86453  15.9439
0.864848  15.9802
0.865166  16.0182
0.865485  16.0582
0.865803  16.1006
0.866121  16.1461
0.86644  16.1957
0.866758  16.251
0.867076  16.3144
0.867394  16.3907
0.867713  16.4891
0.868031  16.6339
0.868349  16.9167
0.868668  19.6265
0.868986  16.0784
0.869304  16.1089
0.869623  16.14
0.869941  16.1717
0.870259  16.2041
0.870578  16.2373
0.870896  16.2714
0.871214  16.3065
0.871532  16.3427
0.871851  16.3803
0.872169  16.4196
0.872487  16.4608
0.872806  16.5045
0.873124  16.5512
0.873442  16.602
0.873761  16.6582
0.874079  16.7223
0.874397  16.7985
0.874716  16.8952
0.875034  17.0329
0.875352  17.2818
0.87567  18.3594
0.875989  16.4873
0.876307  16.519
0.876625  16.5514
0.876944  16.5844
0.877262  16.6182
0.87758  16.6527
0.877899  16.6882
0.878217  16.7246
0.878535  16.7623
0.878854  16.8013
0.879172  16.8419
0.87949  16.8846
0.879809  16.9296
0.880127  16.9777
0.880445  17.0298
0.880763  17.0872
0.881082  17.1522
0.8814  17.2287
0.881718  17.3242
0.882037  17.4565
0.882355  17.6809
0.882673  18.3824
0.882992  16.9179
0.88331  16.9512
0.883628  16.985
0.883947  17.0194
0.884265  17.0546
0.884583  17.0907
0.884901  17.1276
0.88522  17.1656
0.885538  17.2048
0.885856  17.2454
0.886175  17.2876
0.886493  17.3318
0.886811  17.3784
0.88713  17.4281
0.887448  17.4817
0.887766  17.5405
0.888085  17.6066
0.888403  17.6838
0.888721  17.7788
0.88904  17.907
0.889358  18.1133
0.889676  18.6411
0.889994  17.373
0.890313  17.4077
0.890631  17.4432
0.890949  17.4792
0.891268  17.5161
0.891586  17.5538
0.891904  17.5924
0.892223  17.6321
0.892541  17.673
0.892859  17.7153
0.893178  17.7593
0.893496  17.8053
0.893814  17.8537
0.894132  17.9052
0.894451  17.9605
0.894769  18.021
0.895087  18.0886
0.895406  18.1668
0.895724  18.2618
0.896042  18.3872
0.896361  18.58
0.896679  19.0085
0.896997  17.8553
0.897316  17.8918
0.897634  17.929
0.897952  17.9669
0.89827  18.0056
0.898589  18.0452
0.898907  18.0857
0.899225  18.1273
0.899544  18.1701
0.899862  18.2144
0.90018  18.2604
0.900499  18.3084
0.900817  18.3589
0.901135  18.4124
0.901454  18.4697
0.901772  18.5322
0.90209  18.6016
0.902409  18.6812
0.902727  18.7768
0.903045  18.9005
0.903363  19.0833
0.903682  19.4487
0.904  34.0832
0.904318  18.407
0.904637  18.4463
0.904955  18.4862
0.905273  18.527
0.905592  18.5687
0.90591  18.6113
0.906228  18.6551
0.906547  18.7002
0.906865  18.7467
0.907183  18.795
0.907501  18.8453
0.90782  18.8981
0.908138  18.9539
0.908456  19.0136
0.908775  19.0784
0.909093  19.15
0.909411  19.2316
0.90973  19.3283
0.910048  19.4512
0.910366  19.6269
0.910685  19.9499
0.911003  21.5927
0.911321  18.9578
0.91164  18.9993
0.911958  19.0417
0.912276  19.0848
0.912594  19.1289
0.912913  19.174
0.913231  19.2203
0.913549  19.2679
0.913868  19.317
0.914186  19.3679
0.914504  19.4209
0.914823  19.4764
0.915141  19.5349
0.915459  19.5974
0.915778  19.6649
0.916096  19.7392
0.916414  19.8232
0.916732  19.9218
0.917051  20.045
0.917369  20.216
0.917687  20.5094
0.918006  21.5038
0.918324  19.5496
0.918642  19.5938
0.918961  19.6389
0.919279  19.6847
0.919597  19.7316
0.919916  19.7796
0.920234  19.8287
0.920552  19.8793
0.920871  19.9314
0.921189  19.9853
0.921507  20.0414
0.921825  20.1001
0.922144  20.1619
0.922462  20.2276
0.92278  20.2984
0.923099  20.3759
0.923417  20.463
0.923735  20.5643
0.924054  20.6888
0.924372  20.8571
0.92469  21.13
0.925009  21.8637
0.925327  20.1894
0.925645  20.2367
0.925963  20.2849
0.926282  20.334
0.9266  20.3842
0.926918  20.4355
0.927237  20.488
0.927555  20.542
0.927873  20.5976
0.928192  20.6552
0.92851  20.7149
0.928828  20.7773
0.929147  20.8429
0.929465  20.9125
0.929783  20.9872
0.930101  21.0687
0.93042  21.1597
0.930738  21.2645
0.931056  21.3916
0.931375  21.5593
0.931693  21.8185
0.932011  22.4133
0.93233  20.8861
0.932648  20.9371
0.932966  20.989
0.933285  21.042
0.933603  21.096
0.933921  21.1513
0.93424  21.2078
0.934558  21.266
0.934876  21.3258
0.935194  21.3876
0.935513  21.4518
0.935831  21.5186
0.936149  21.5888
0.936468  21.6631
0.936786  21.7426
0.937104  21.829
0.937423  21.9248
0.937741  22.0343
0.938059  22.1654
0.938378  22.3346
0.938696  22.5855
0.939014  23.0976
0.939332  21.6514
0.939651  21.7069
0.939969  21.7633
0.940287  21.8209
0.940606  21.8796
0.940924  21.9397
0.941242  22.0012
0.941561  22.0643
0.941879  22.1293
0.942197  22.1963
0.942516  22.2658
0.942834  22.3382
0.943152  22.414
0.943471  22.4941
0.943789  22.5796
0.944107  22.6721
0.944425  22.7741
0.944744  22.8897
0.945062  23.0265
0.94538  23.1996
0.945699  23.447
0.946017  23.9079
0.946335  26.8346
0.946654  22.5622
0.946972  22.6243
0.94729  22.6876
0.947609  22.7522
0.947927  22.8182
0.948245  22.8858
0.948563  22.9551
0.948882  23.0265
0.9492  23.1001
0.949518  23.1763
0.949837  23.2555
0.950155  23.3385
0.950473  23.4259
0.950792  23.5189
0.95111  23.6192
0.951428  23.7292
0.951747  23.853
0.952065  23.9977
0.952383  24.1777
0.952701  24.4267
0.95302  24.8571
0.953338  26.4542
0.953656  23.5261
0.953975  23.5953
0.954293  23.6659
0.954611  23.738
0.95493  23.8116
0.955248  23.887
0.955566  23.9643
0.955885  24.0439
0.956203  24.1259
0.956521  24.2108
0.95684  24.299
0.957158  24.3911
0.957476  24.4881
0.957794  24.591
0.958113  24.7015
0.958431  24.8221
0.958749  24.9569
0.959068  25.1129
0.959386  25.3036
0.959704  25.5599
0.960023  25.9761
0.960341  27.15
0.960659  24.6323
0.960978  24.711
0.961296  24.7913
0.961614  24.8732
0.961932  24.957
0.962251  25.0429
0.962569  25.1309
0.962887  25.2214
0.963206  25.3148
0.963524  25.4113
0.963842  25.5116
0.964161  25.6162
0.964479  25.7261
0.964797  25.8425
0.965116  25.967
0.965434  26.1024
0.965752  26.2527
0.966071  26.4248
0.966389  26.632
0.966707  26.9031
0.967025  27.3206
0.967344  28.3031
0.967662  25.9343
0.96798  26.0261
0.968299  26.1199
0.968617  26.2158
0.968935  26.3138
0.969254  26.4143
0.969572  26.5175
0.96989  26.6236
0.970209  26.7331
0.970527  26.8463
0.970845  26.9639
0.971163  27.0864
0.971482  27.215
0.9718  27.351
0.972118  27.4961
0.972437  27.6531
0.972755  27.8264
0.973073  28.023
0.973392  28.2562
0.97371  28.554
0.974028  28.9914
0.974347  29.8921
0.974665  27.5234
0.974983  27.6351
0.975301  27.7493
0.97562  27.8662
0.975938  27.986
0.976256  28.109
0.976575  28.2354
0.976893  28.3657
0.977211  28.5001
0.97753  28.6394
0.977848  28.784
0.978166  28.9349
0.978485  29.0932
0.978803  29.2603
0.979121  29.4384
0.97944  29.6306
0.979758  29.8414
0.980076  30.0787
0.980394  30.3563
0.980713  30.7027
0.981031  31.1904
0.981349  32.0934
0.981668  40.2006
0.981986  29.7236
0.982304  29.8727
0.982623  30.0259
0.982941  30.1835
0.983259  30.3458
0.983578  30.5132
0.983896  30.6863
0.984214  30.8657
0.984532  31.052
0.984851  31.2462
0.985169  31.4493
0.985487  31.6629
0.985806  31.8888
0.986124  32.1296
0.986442  32.3893
0.986761  32.6734
0.987079  32.9912
0.987397  33.3587
0.987716  33.808
0.988034  34.4158
0.988352  35.4441
0.988671  39.5521
0.988989  32.7487
0.989307  32.9731
0.989625  33.2058
0.989944  33.4475
0.990262  33.6991
0.99058  33.9613
0.990899  34.2355
0.991217  34.5227
0.991535  34.8247
0.991854  35.1432
0.992172  35.4806
0.99249  35.8397
0.992809  36.2245
0.993127  36.6398
0.993445  37.0926
0.993763  37.5929
0.994082  38.1564
0.9944  38.8088
0.994718  39.5992
0.995037  40.6376
0.995355  42.261
0.995673  46.7662
0.995992  38.5754
0.99631  39.1098
0.996628  39.6914
0.996947  40.3294
0.997265  41.0361
0.997583  41.828
0.997901  42.7288
0.99822  43.7733
0.998538  45.0162
0.998856  46.5516
0.999175  48.5621
0.999493  51.4865
0.999811  56.9917
