0	1
0.001	1.0008
0.0020008	1.00156
0.00300236	1.00228
0.00400464	1.00297
0.00500761	1.00361
0.00601122	1.00422
0.00701544	1.00478
0.00802022	1.00531
0.00902553	1.0058
0.0100313	1.00625
0.0110376	1.00665
0.0120442	1.00702
0.0130512	1.00735
0.0140586	1.00764
0.0150662	1.0079
0.0160741	1.00811
0.0170822	1.00828
0.0180905	1.00841
0.0190989	1.0085
0.0201074	1.00856
0.021116	1.00857
0.0221246	1.00854
0.0231331	1.00848
0.0241416	1.00837
0.02515	1.00822
0.0261582	1.00804
0.0271662	1.00781
0.028174	1.00754
0.0291816	1.00724
0.0301888	1.00689
0.0311957	1.00651
0.0322022	1.00608
0.0332083	1.00561
0.0342139	1.00511
0.035219	1.00456
0.0362236	1.00397
0.0372275	1.00335
0.0382309	1.00268
0.0392336	1.00197
0.0402355	1.00122
0.0412368	1.00044
0.0422372	0.99961
0.0432368	0.998742
0.0442356	0.997834
0.0452334	0.996886
0.0462303	0.995898
0.0472262	0.994869
0.048221	0.993801
0.0492148	0.992692
0.0502075	0.991543
0.0511991	0.990354
0.0521894	0.989126
0.0531786	0.987856
0.0541664	0.986547
0.055153	0.985198
0.0561382	0.983809
0.057122	0.98238
0.0581043	0.980911
0.0590853	0.979401
0.0600647	0.977852
0.0610425	0.976263
0.0620188	0.974635
0.0629934	0.972966
0.0639664	0.971257
0.0649376	0.969509
0.0659071	0.967721
0.0668749	0.965893
0.0678408	0.964026
0.0688048	0.962119
0.0697669	0.960172
0.0707271	0.958186
0.0716853	0.95616
0.0726414	0.954095
0.0735955	0.951991
0.0745475	0.949847
0.0754974	0.947664
0.076445	0.945442
0.0773905	0.94318
0.0783336	0.940879
0.0792745	0.938539
0.0802131	0.936161
0.0811492	0.933743
0.082083	0.931286
0.0830142	0.928791
0.083943	0.926257
0.0848693	0.923684
0.085793	0.921072
0.086714	0.918422
0.0876325	0.915733
0.0885482	0.913006
0.0894612	0.910241
0.0903715	0.907437
0.0912789	0.904596
0.0921835	0.901716
0.0930852	0.898798
0.093984	0.895842
0.0948798	0.892848
0.0957727	0.889817
0.0966625	0.886748
0.0975493	0.883641
0.0984329	0.880497
0.0993134	0.877315
0.100191	0.874097
0.101065	0.87084
0.101936	0.867547
0.102803	0.864217
0.103667	0.86085
0.104528	0.857446
0.105386	0.854005
0.10624	0.850528
0.10709	0.847014
0.107937	0.843464
0.108781	0.839878
0.109621	0.836255
0.110457	0.832596
0.111289	0.828902
0.112118	0.825171
0.112944	0.821405
0.113765	0.817604
0.114583	0.813766
0.115396	0.809894
0.116206	0.805986
0.117012	0.802043
0.117814	0.798066
0.118612	0.794053
0.119406	0.790005
0.120196	0.785924
0.120982	0.781807
0.121764	0.777656
0.122542	0.773471
0.123315	0.769252
0.124084	0.765
0.124849	0.760713
0.12561	0.756393
0.126367	0.752039
0.127119	0.747652
0.127866	0.743231
0.128609	0.738778
0.129348	0.734292
0.130083	0.729773
0.130812	0.725221
0.131538	0.720637
0.132258	0.716021
0.132974	0.711372
0.133686	0.706692
0.134392	0.701979
0.135094	0.697235
0.135791	0.69246
0.136484	0.687653
0.137172	0.682815
0.137854	0.677946
0.138532	0.673046
0.139205	0.668115
0.139874	0.663154
0.140537	0.658163
0.141195	0.653141
0.141848	0.648089
0.142496	0.643008
0.143139	0.637897
0.143777	0.632756
0.14441	0.627586
0.145037	0.622387
0.14566	0.617159
0.146277	0.611903
0.146889	0.606617
0.147495	0.601304
0.148097	0.595962
0.148693	0.590592
0.149283	0.585194
0.149868	0.579769
0.150448	0.574316
0.151023	0.568836
0.151591	0.563329
0.152155	0.557795
0.152712	0.552235
0.153265	0.546648
0.153811	0.541034
0.154352	0.535395
0.154888	0.52973
0.155418	0.524039
0.155942	0.518322
0.15646	0.512581
0.156972	0.506814
0.157479	0.501022
0.15798	0.495206
0.158475	0.489366
0.158965	0.483501
0.159448	0.477612
0.159926	0.471699
0.160398	0.465763
0.160863	0.459803
0.161323	0.45382
0.161777	0.447815
0.162225	0.441786
0.162667	0.435735
0.163102	0.429662
0.163532	0.423567
0.163956	0.41745
0.164373	0.411311
0.164784	0.405151
0.16519	0.398969
0.165589	0.392767
0.165981	0.386544
0.166368	0.380301
0.166748	0.374037
0.167122	0.367753
0.16749	0.36145
0.167851	0.355127
0.168206	0.348784
0.168555	0.342423
0.168898	0.336043
0.169234	0.329644
0.169563	0.323226
0.169887	0.316791
0.170203	0.310337
0.170514	0.303866
0.170818	0.297378
0.171115	0.290872
0.171406	0.284349
0.17169	0.27781
0.171968	0.271254
0.172239	0.264682
0.172504	0.258094
0.172762	0.25149
0.173014	0.244871
0.173258	0.238237
0.173497	0.231587
0.173728	0.224923
0.173953	0.218245
0.174171	0.211552
0.174383	0.204845
0.174588	0.198125
0.174786	0.191391
0.174977	0.184644
0.175162	0.177883
0.17534	0.171111
0.175511	0.164325
0.175675	0.157528
0.175833	0.150719
0.175984	0.143898
0.176127	0.137065
0.176264	0.130222
0.176395	0.123367
0.176518	0.116502
0.176635	0.109627
0.176744	0.102741
0.176847	0.0958456
0.176943	0.0889407
0.177032	0.0820264
0.177114	0.0751031
0.177189	0.068171
0.177257	0.0612304
0.177318	0.0542816
0.177373	0.0473247
0.17742	0.0403602
0.17746	0.0333883
0.177494	0.0264091
0.17752	0.0194231
0.177539	0.0124304
0.177552	0.00543137
0.177557	-0.00157375
0.177556	-0.00858469
0.177547	-0.0156012
0.177532	-0.0226229
0.177509	-0.0296497
0.177479	-0.0366812
0.177443	-0.0437171
0.177399	-0.0507573
0.177348	-0.0578013
0.17729	-0.064849
0.177225	-0.0719
0.177154	-0.0789541
0.177075	-0.086011
0.176989	-0.0930704
0.176896	-0.100132
0.176795	-0.107196
0.176688	-0.114261
0.176574	-0.121328
0.176453	-0.128396
0.176324	-0.135465
0.176189	-0.142534
0.176046	-0.149604
0.175897	-0.156673
0.17574	-0.163743
0.175576	-0.170812
0.175405	-0.17788
0.175228	-0.184947
0.175043	-0.192013
0.174851	-0.199077
0.174651	-0.206139
0.174445	-0.213199
0.174232	-0.220256
0.174012	-0.227311
0.173785	-0.234362
0.17355	-0.24141
0.173309	-0.248455
0.17306	-0.255496
0.172805	-0.262532
0.172542	-0.269564
0.172273	-0.276592
0.171996	-0.283614
0.171713	-0.290631
0.171422	-0.297642
0.171124	-0.304648
0.17082	-0.311647
0.170508	-0.31864
0.170189	-0.325627
0.169864	-0.332606
0.169531	-0.339578
0.169192	-0.346543
0.168845	-0.353499
0.168491	-0.360448
0.168131	-0.367388
0.167764	-0.374319
0.167389	-0.381242
0.167008	-0.388155
0.16662	-0.395059
0.166225	-0.401953
0.165823	-0.408837
0.165414	-0.41571
0.164998	-0.422573
0.164576	-0.429425
0.164146	-0.436266
0.16371	-0.443095
0.163267	-0.449912
0.162817	-0.456718
0.16236	-0.463511
0.161897	-0.470292
0.161427	-0.477059
0.16095	-0.483814
0.160466	-0.490555
0.159975	-0.497282
0.159478	-0.503996
0.158974	-0.510695
0.158463	-0.517379
0.157946	-0.524049
0.157422	-0.530704
0.156891	-0.537343
0.156354	-0.543967
0.15581	-0.550575
0.155259	-0.557166
0.154702	-0.563741
0.154138	-0.5703
0.153568	-0.576841
0.152991	-0.583365
0.152408	-0.589872
0.151818	-0.59636
0.151222	-0.602831
0.150619	-0.609283
0.150009	-0.615717
0.149394	-0.622132
0.148772	-0.628527
0.148143	-0.634903
0.147508	-0.64126
0.146867	-0.647596
0.146219	-0.653912
0.145565	-0.660208
0.144905	-0.666483
0.144239	-0.672736
0.143566	-0.678969
0.142887	-0.68518
0.142202	-0.691369
0.14151	-0.697536
0.140813	-0.703681
0.140109	-0.709803
0.139399	-0.715902
0.138683	-0.721978
0.137962	-0.72803
0.137233	-0.734059
0.136499	-0.740064
0.135759	-0.746045
0.135013	-0.752001
0.134261	-0.757933
0.133503	-0.76384
0.13274	-0.769721
0.13197	-0.775578
0.131194	-0.781408
0.130413	-0.787213
0.129626	-0.792991
0.128833	-0.798743
0.128034	-0.804468
0.127229	-0.810166
0.126419	-0.815837
0.125603	-0.82148
0.124782	-0.827096
0.123955	-0.832684
0.123122	-0.838244
0.122284	-0.843775
0.12144	-0.849278
0.120591	-0.854751
0.119736	-0.860196
0.118876	-0.865611
0.11801	-0.870996
0.117139	-0.876352
0.116263	-0.881678
0.115381	-0.886973
0.114494	-0.892237
0.113602	-0.897471
0.112705	-0.902674
0.111802	-0.907846
0.110894	-0.912986
0.109981	-0.918094
0.109063	-0.92317
0.10814	-0.928215
0.107212	-0.933226
0.106278	-0.938205
0.10534	-0.943152
0.104397	-0.948065
0.103449	-0.952945
0.102496	-0.957791
0.101538	-0.962604
0.100576	-0.967382
0.0996082	-0.972127
0.0986361	-0.976837
0.0976593	-0.981512
0.0966778	-0.986153
0.0956916	-0.990759
0.0947009	-0.995329
0.0937055	-0.999864
0.0927057	-1.00436
0.0917013	-1.00883
0.0906925	-1.01325
0.0896792	-1.01764
0.0886616	-1.022
0.0876396	-1.02632
0.0866133	-1.0306
0.0855827	-1.03484
0.0845478	-1.03905
0.0835088	-1.04322
0.0824655	-1.04735
0.0814182	-1.05144
0.0803668	-1.0555
0.0793113	-1.05951
0.0782517	-1.06349
0.0771883	-1.06743
0.0761208	-1.07133
0.0750495	-1.0752
0.0739743	-1.07902
0.0728953	-1.0828
0.0718125	-1.08655
0.0707259	-1.09025
0.0696357	-1.09392
0.0685417	-1.09754
0.0674442	-1.10112
0.0663431	-1.10467
0.0652384	-1.10817
0.0641302	-1.11163
0.0630186	-1.11505
0.0619036	-1.11843
0.0607851	-1.12177
0.0596633	-1.12507
0.0585383	-1.12833
0.05741	-1.13154
0.0562784	-1.13471
0.0551437	-1.13784
0.0540059	-1.14093
0.0528649	-1.14397
0.051721	-1.14697
0.050574	-1.14993
0.0494241	-1.15285
0.0482712	-1.15572
0.0471155	-1.15855
0.0459569	-1.16134
0.0447956	-1.16408
0.0436315	-1.16678
0.0424647	-1.16944
0.0412953	-1.17205
0.0401232	-1.17462
0.0389486	-1.17714
0.0377715	-1.17962
0.0365918	-1.18206
0.0354098	-1.18445
0.0342253	-1.18679
0.0330385	-1.18909
0.0318495	-1.19135
0.0306581	-1.19356
0.0294645	-1.19573
0.0282688	-1.19784
0.027071	-1.19992
0.0258711	-1.20195
0.0246691	-1.20393
0.0234652	-1.20587
0.0222593	-1.20776
0.0210515	-1.2096
0.0198419	-1.2114
0.0186305	-1.21316
0.0174174	-1.21486
0.0162025	-1.21652
0.014986	-1.21813
0.0137679	-1.2197
0.0125482	-1.22122
0.011327	-1.22269
0.0101043	-1.22412
0.00888014	-1.22549
0.00765465	-1.22683
0.00642782	-1.22811
0.00519971	-1.22935
0.00397037	-1.23053
0.00273983	-1.23168
0.00150816	-1.23277
0.000275388	-1.23381
-0.000958427	-1.23481
-0.00219324	-1.23576
-0.003429	-1.23666
-0.00466567	-1.23752
-0.00590319	-1.23832
-0.00714151	-1.23908
-0.00838059	-1.23979
-0.00962038	-1.24045
-0.0108608	-1.24107
-0.0121019	-1.24163
-0.0133435	-1.24214
-0.0145857	-1.24261
-0.0158283	-1.24303
-0.0170713	-1.2434
-0.0183147	-1.24372
-0.0195584	-1.24399
-0.0208024	-1.24422
-0.0220466	-1.24439
-0.023291	-1.24451
-0.0245355	-1.24459
-0.0257801	-1.24462
-0.0270248	-1.2446
-0.0282694	-1.24452
-0.0295139	-1.2444
-0.0307583	-1.24423
-0.0320025	-1.24402
-0.0332465	-1.24375
-0.0344903	-1.24343
-0.0357337	-1.24306
-0.0369768	-1.24265
-0.0382194	-1.24218
-0.0394616	-1.24167
-0.0407033	-1.2411
-0.0419444	-1.24049
-0.0431849	-1.23982
-0.0444247	-1.23911
-0.0456638	-1.23835
-0.0469021	-1.23754
-0.0481397	-1.23667
-0.0493763	-1.23576
-0.0506121	-1.2348
-0.0518469	-1.23379
-0.0530807	-1.23273
-0.0543134	-1.23162
-0.0555451	-1.23046
-0.0567755	-1.22926
-0.0580048	-1.228
-0.0592328	-1.22669
-0.0604595	-1.22533
-0.0616848	-1.22393
-0.0629087	-1.22247
-0.0641312	-1.22097
-0.0653522	-1.21941
-0.0665716	-1.21781
-0.0677894	-1.21615
-0.0690055	-1.21445
-0.07022	-1.2127
-0.0714327	-1.21089
-0.0726436	-1.20904
-0.0738526	-1.20714
-0.0750598	-1.20519
-0.0762649	-1.20319
-0.0774681	-1.20114
-0.0786693	-1.19905
-0.0798683	-1.1969
-0.0810652	-1.19471
-0.0822599	-1.19246
-0.0834524	-1.19017
-0.0846426	-1.18782
-0.0858304	-1.18543
-0.0870158	-1.18299
-0.0881988	-1.1805
-0.0893793	-1.17797
-0.0905573	-1.17538
-0.0917327	-1.17275
-0.0929054	-1.17006
-0.0940755	-1.16733
-0.0952428	-1.16455
-0.0964074	-1.16172
-0.0975691	-1.15885
-0.0987279	-1.15592
-0.0998838	-1.15295
-0.101037	-1.14993
-0.102187	-1.14686
-0.103334	-1.14374
-0.104477	-1.14058
-0.105618	-1.13737
-0.106755	-1.13411
-0.107889	-1.1308
-0.10902	-1.12744
-0.110148	-1.12404
-0.111272	-1.12059
-0.112392	-1.1171
-0.113509	-1.11355
-0.114623	-1.10996
-0.115733	-1.10633
-0.116839	-1.10264
-0.117942	-1.09891
-0.119041	-1.09513
-0.120136	-1.09131
-0.121227	-1.08744
-0.122315	-1.08352
-0.123398	-1.07956
-0.124478	-1.07555
-0.125553	-1.0715
-0.126625	-1.0674
-0.127692	-1.06326
-0.128755	-1.05907
-0.129814	-1.05483
-0.130869	-1.05055
-0.13192	-1.04622
-0.132966	-1.04185
-0.134008	-1.03744
-0.135045	-1.03298
-0.136078	-1.02847
-0.137107	-1.02392
-0.138131	-1.01933
-0.13915	-1.01469
-0.140165	-1.01001
-0.141175	-1.00528
-0.14218	-1.00051
-0.143181	-0.995701
-0.144176	-0.990845
-0.145167	-0.985946
-0.146153	-0.981004
-0.147134	-0.976019
-0.14811	-0.970991
-0.149081	-0.965921
-0.150047	-0.960808
-0.151008	-0.955653
-0.151963	-0.950456
-0.152914	-0.945217
-0.153859	-0.939936
-0.154799	-0.934614
-0.155734	-0.929251
-0.156663	-0.923846
-0.157587	-0.9184
-0.158505	-0.912914
-0.159418	-0.907386
-0.160325	-0.901819
-0.161227	-0.896211
-0.162123	-0.890563
-0.163014	-0.884875
-0.163899	-0.879147
-0.164778	-0.87338
-0.165651	-0.867573
-0.166519	-0.861728
-0.167381	-0.855843
-0.168237	-0.84992
-0.169087	-0.843958
-0.16993	-0.837958
-0.170768	-0.83192
-0.1716	-0.825844
-0.172426	-0.81973
-0.173246	-0.813579
-0.17406	-0.80739
-0.174867	-0.801164
-0.175668	-0.794902
-0.176463	-0.788603
-0.177252	-0.782267
-0.178034	-0.775895
-0.17881	-0.769488
-0.179579	-0.763044
-0.180342	-0.756565
-0.181099	-0.750051
-0.181849	-0.743501
-0.182592	-0.736917
-0.183329	-0.730298
-0.18406	-0.723645
-0.184783	-0.716957
-0.1855	-0.710236
-0.18621	-0.703481
-0.186914	-0.696692
-0.187611	-0.68987
-0.1883	-0.683016
-0.188983	-0.676128
-0.18966	-0.669208
-0.190329	-0.662256
-0.190991	-0.655272
-0.191646	-0.648257
-0.192295	-0.641209
-0.192936	-0.634131
-0.19357	-0.627021
-0.194197	-0.619881
-0.194817	-0.61271
-0.19543	-0.605509
-0.196035	-0.598279
-0.196633	-0.591018
-0.197224	-0.583728
-0.197808	-0.576409
-0.198385	-0.569061
-0.198954	-0.561684
-0.199515	-0.554279
-0.20007	-0.546846
-0.200616	-0.539385
-0.201156	-0.531897
-0.201688	-0.524381
-0.202212	-0.516838
-0.202729	-0.509269
-0.203238	-0.501673
-0.20374	-0.49405
-0.204234	-0.486402
-0.20472	-0.478729
-0.205199	-0.471029
-0.20567	-0.463305
-0.206133	-0.455557
-0.206589	-0.447783
-0.207037	-0.439986
-0.207477	-0.432164
-0.207909	-0.424319
-0.208333	-0.41645
-0.20875	-0.408559
-0.209158	-0.400645
-0.209559	-0.392708
-0.209952	-0.384749
-0.210336	-0.376768
-0.210713	-0.368766
-0.211082	-0.360742
-0.211443	-0.352698
-0.211795	-0.344633
-0.21214	-0.336547
-0.212476	-0.328441
-0.212805	-0.320316
-0.213125	-0.312171
-0.213437	-0.304007
-0.213741	-0.295824
-0.214037	-0.287622
-0.214325	-0.279402
-0.214604	-0.271165
-0.214875	-0.26291
-0.215138	-0.254637
-0.215393	-0.246347
-0.215639	-0.238041
-0.215877	-0.229718
-0.216107	-0.22138
-0.216328	-0.213025
-0.216541	-0.204655
-0.216746	-0.19627
-0.216942	-0.187871
-0.21713	-0.179456
-0.21731	-0.171028
-0.217481	-0.162586
-0.217643	-0.15413
-0.217797	-0.145661
-0.217943	-0.137179
-0.21808	-0.128685
-0.218209	-0.120178
-0.218329	-0.11166
-0.218441	-0.10313
-0.218544	-0.0945889
-0.218639	-0.0860368
-0.218725	-0.0774741
-0.218802	-0.0689012
-0.218871	-0.0603183
-0.218931	-0.0517259
-0.218983	-0.0431242
-0.219026	-0.0345136
-0.219061	-0.0258945
-0.219086	-0.017267
-0.219104	-0.00863163
-0.219112	1.13379e-05
-0.219112	0.00866156
-0.219104	0.0173187
-0.219086	0.0259824
-0.21906	0.0346524
-0.219026	0.0433283
-0.218982	0.0520097
-0.21893	0.0606964
-0.21887	0.069388
-0.2188	0.0780841
-0.218722	0.0867845
-0.218635	0.0954887
-0.21854	0.104197
-0.218436	0.112907
-0.218323	0.121621
-0.218201	0.130338
-0.218071	0.139056
-0.217932	0.147776
-0.217784	0.156498
-0.217628	0.165221
-0.217462	0.173945
-0.217288	0.182669
-0.217106	0.191394
-0.216914	0.200118
-0.216714	0.208841
-0.216505	0.217564
-0.216288	0.226285
-0.216062	0.235005
-0.215827	0.243723
-0.215583	0.252438
-0.21533	0.261151
-0.215069	0.269861
-0.214799	0.278567
-0.214521	0.28727
-0.214234	0.295969
-0.213938	0.304663
-0.213633	0.313353
-0.21332	0.322037
-0.212998	0.330717
-0.212667	0.33939
-0.212327	0.348057
-0.211979	0.356718
-0.211623	0.365372
-0.211257	0.374019
-0.210883	0.382658
-0.210501	0.39129
-0.210109	0.399913
-0.209709	0.408528
-0.209301	0.417133
-0.208884	0.42573
-0.208458	0.434317
-0.208024	0.442894
-0.207581	0.451461
-0.207129	0.460017
-0.206669	0.468562
-0.206201	0.477096
-0.205724	0.485618
-0.205238	0.494128
-0.204744	0.502626
-0.204241	0.511111
-0.20373	0.519583
-0.203211	0.528042
-0.202683	0.536487
-0.202146	0.544917
-0.201601	0.553334
-0.201048	0.561735
-0.200486	0.570122
-0.199916	0.578493
-0.199337	0.586848
-0.198751	0.595187
-0.198155	0.603509
-0.197552	0.611815
-0.19694	0.620103
-0.19632	0.628374
-0.195692	0.636627
-0.195055	0.644862
-0.19441	0.653079
-0.193757	0.661276
-0.193096	0.669454
-0.192426	0.677613
-0.191749	0.685752
-0.191063	0.69387
-0.190369	0.701968
-0.189667	0.710045
-0.188957	0.718101
-0.188239	0.726135
-0.187513	0.734148
-0.186779	0.742138
-0.186037	0.750105
-0.185286	0.75805
-0.184528	0.765971
-0.183762	0.773869
-0.182989	0.781742
-0.182207	0.789592
-0.181417	0.797417
-0.18062	0.805217
-0.179815	0.812992
-0.179002	0.820741
-0.178181	0.828464
-0.177352	0.836161
-0.176516	0.843832
-0.175672	0.851475
-0.174821	0.859092
-0.173962	0.866681
-0.173095	0.874242
-0.172221	0.881775
-0.171339	0.889279
-0.17045	0.896755
-0.169553	0.904201
-0.168649	0.911618
-0.167737	0.919005
-0.166818	0.926363
-0.165892	0.93369
-0.164958	0.940986
-0.164017	0.948251
-0.163069	0.955484
-0.162113	0.962687
-0.161151	0.969857
-0.160181	0.976995
-0.159204	0.9841
-0.15822	0.991172
-0.157229	0.998211
-0.15623	1.00522
-0.155225	1.01219
-0.154213	1.01913
-0.153194	1.02603
-0.152168	1.0329
-0.151135	1.03973
-0.150095	1.04653
-0.149049	1.05329
-0.147995	1.06002
-0.146935	1.06671
-0.145869	1.07337
-0.144795	1.07998
-0.143715	1.08656
-0.142629	1.09311
-0.141536	1.09961
-0.140436	1.10608
-0.13933	1.11251
-0.138218	1.1189
-0.137099	1.12525
-0.135973	1.13156
-0.134842	1.13784
-0.133704	1.14407
-0.13256	1.15026
-0.13141	1.15642
-0.130253	1.16253
-0.129091	1.1686
-0.127922	1.17463
-0.126747	1.18062
-0.125567	1.18657
-0.12438	1.19248
-0.123188	1.19834
-0.121989	1.20416
-0.120785	1.20994
-0.119575	1.21568
-0.11836	1.22137
-0.117138	1.22702
-0.115911	1.23263
-0.114679	1.23819
-0.11344	1.24371
-0.112197	1.24918
-0.110948	1.25461
-0.109693	1.25999
-0.108433	1.26533
-0.107168	1.27063
-0.105897	1.27587
-0.104621	1.28107
-0.10334	1.28623
-0.102054	1.29134
-0.100762	1.2964
-0.0994661	1.30142
-0.0981647	1.30638
-0.0968583	1.3113
-0.095547	1.31618
-0.0942308	1.321
-0.0929098	1.32578
-0.091584	1.33051
-0.0902535	1.33519
-0.0889183	1.33982
-0.0875785	1.3444
-0.0862341	1.34893
-0.0848852	1.35342
-0.0835318	1.35785
-0.0821739	1.36223
-0.0808117	1.36657
-0.0794451	1.37085
-0.0780743	1.37509
-0.0766992	1.37927
-0.0753199	1.3834
-0.0739365	1.38748
-0.072549	1.39151
-0.0711575	1.39549
-0.069762	1.39941
-0.0683626	1.40328
-0.0669593	1.40711
-0.0655522	1.41087
-0.0641414	1.41459
-0.0627268	1.41826
-0.0613085	1.42187
-0.0598866	1.42542
-0.0584612	1.42893
-0.0570323	1.43238
-0.0555999	1.43578
-0.0541641	1.43912
-0.052725	1.44241
-0.0512826	1.44565
-0.049837	1.44883
-0.0483881	1.45195
-0.0469362	1.45503
-0.0454811	1.45804
-0.0440231	1.461
-0.0425621	1.46391
-0.0410982	1.46676
-0.0396314	1.46956
-0.0381619	1.4723
-0.0366896	1.47498
-0.0352146	1.47761
-0.033737	1.48018
-0.0322568	1.4827
-0.0307741	1.48516
-0.0292889	1.48756
-0.0278014	1.48991
-0.0263115	1.4922
-0.0248193	1.49443
-0.0233248	1.49661
-0.0218282	1.49872
-0.0203295	1.50079
-0.0188287	1.50279
-0.0173259	1.50473
-0.0158212	1.50662
-0.0143146	1.50845
-0.0128061	1.51022
-0.0112959	1.51194
-0.00978396	1.51359
-0.00827036	1.51519
-0.00675517	1.51673
-0.00523845	1.51821
-0.00372024	1.51963
-0.00220061	1.52099
-0.000679615	1.5223
0.000842681	1.52354
0.00236622	1.52473
0.00389095	1.52585
0.0054168	1.52692
0.00694372	1.52793
0.00847165	1.52888
0.0100005	1.52976
0.0115303	1.53059
0.0130609	1.53136
0.0145922	1.53207
0.0161243	1.53272
0.017657	1.53331
0.0191903	1.53384
0.0207242	1.53431
0.0222585	1.53472
0.0237932	1.53507
0.0253283	1.53536
0.0268636	1.53559
0.0283992	1.53575
0.029935	1.53586
0.0314708	1.53591
0.0330068	1.53589
0.0345426	1.53582
0.0360785	1.53568
0.0376142	1.53549
0.0391496	1.53523
0.0406849	1.53492
0.0422198	1.53454
0.0437543	1.5341
0.0452884	1.5336
0.046822	1.53304
0.0483551	1.53241
0.0498875	1.53173
0.0514192	1.53099
0.0529502	1.53018
0.0544804	1.52932
0.0560097	1.52839
0.0575381	1.5274
0.0590655	1.52635
0.0605918	1.52524
0.0621171	1.52407
0.0636411	1.52284
0.065164	1.52154
0.0666855	1.52019
0.0682057	1.51877
0.0697245	1.51729
0.0712418	1.51575
0.0727575	1.51415
0.0742717	1.51249
0.0757842	1.51077
0.0772949	1.50899
0.0788039	1.50714
0.0803111	1.50524
0.0818163	1.50327
0.0833196	1.50124
0.0848208	1.49915
0.08632	1.49701
0.087817	1.4948
0.0893118	1.49252
0.0908043	1.49019
0.0922945	1.4878
0.0937823	1.48535
0.0952676	1.48283
0.0967505	1.48026
0.0982307	1.47762
0.0997083	1.47493
0.101183	1.47217
0.102655	1.46935
0.104125	1.46648
0.105591	1.46354
0.107055	1.46054
0.108515	1.45748
0.109973	1.45436
0.111427	1.45119
0.112878	1.44795
0.114326	1.44465
0.115771	1.44129
0.117212	1.43788
0.11865	1.4344
0.120085	1.43086
0.121515	1.42727
0.122943	1.42361
0.124366	1.4199
0.125786	1.41612
0.127202	1.41229
0.128615	1.4084
0.130023	1.40445
0.131427	1.40044
0.132828	1.39637
0.134224	1.39224
0.135616	1.38806
0.137005	1.38381
0.138388	1.37951
0.139768	1.37515
0.141143	1.37073
0.142514	1.36626
0.14388	1.36173
0.145242	1.35713
0.146599	1.35249
0.147951	1.34778
0.149299	1.34302
0.150642	1.3382
0.15198	1.33332
0.153314	1.32839
0.154642	1.3234
0.155965	1.31835
0.157284	1.31325
0.158597	1.30809
0.159905	1.30288
0.161208	1.29761
0.162506	1.29228
0.163798	1.2869
0.165085	1.28146
0.166366	1.27597
0.167642	1.27042
0.168913	1.26482
0.170177	1.25916
0.171437	1.25345
0.17269	1.24769
0.173938	1.24187
0.17518	1.23599
0.176416	1.23007
0.177646	1.22409
0.17887	1.21805
0.180088	1.21197
0.1813	1.20583
0.182506	1.19963
0.183705	1.19339
0.184899	1.18709
0.186086	1.18074
0.187266	1.17434
0.188441	1.16789
0.189609	1.16138
0.19077	1.15482
0.191925	1.14822
0.193073	1.14156
0.194215	1.13485
0.19535	1.12809
0.196478	1.12128
0.197599	1.11442
0.198713	1.10751
0.199821	1.10055
0.200921	1.09354
0.202015	1.08649
0.203101	1.07938
0.204181	1.07223
0.205253	1.06502
0.206318	1.05777
0.207376	1.05047
0.208426	1.04313
0.209469	1.03573
0.210505	1.02829
0.211533	1.0208
0.212554	1.01327
0.213568	1.00569
0.214573	0.998062
0.215571	0.99039
0.216562	0.982672
0.217544	0.974908
0.218519	0.9671
0.219486	0.959247
0.220446	0.951349
0.221397	0.943407
0.22234	0.935422
0.223276	0.927392
0.224203	0.91932
0.225122	0.911204
0.226034	0.903045
0.226937	0.894844
0.227832	0.886601
0.228718	0.878316
0.229596	0.869989
0.230466	0.861621
0.231328	0.853212
0.232181	0.844762
0.233026	0.836272
0.233862	0.827741
0.23469	0.819171
0.235509	0.810561
0.23632	0.801912
0.237122	0.793224
0.237915	0.784497
0.238699	0.775733
0.239475	0.76693
0.240242	0.758089
0.241	0.749211
0.241749	0.740296
0.24249	0.731345
0.243221	0.722357
0.243943	0.713332
0.244657	0.704273
0.245361	0.695177
0.246056	0.686047
0.246742	0.676882
0.247419	0.667683
0.248087	0.658449
0.248745	0.649182
0.249394	0.639881
0.250034	0.630547
0.250665	0.621181
0.251286	0.611782
0.251898	0.602351
0.2525	0.592888
0.253093	0.583394
0.253676	0.573869
0.25425	0.564313
0.254815	0.554727
0.255369	0.545112
0.255914	0.535466
0.25645	0.525791
0.256976	0.516088
0.257492	0.506356
0.257998	0.496595
0.258495	0.486807
0.258982	0.476992
0.259459	0.467149
0.259926	0.45728
0.260383	0.447384
0.26083	0.437463
0.261268	0.427515
0.261695	0.417543
0.262113	0.407546
0.26252	0.397524
0.262918	0.387478
0.263305	0.377408
0.263683	0.367316
0.26405	0.3572
0.264407	0.347061
0.264754	0.3369
0.265091	0.326718
0.265418	0.316514
0.265735	0.306289
0.266041	0.296043
0.266337	0.285777
0.266623	0.275491
0.266898	0.265185
0.267163	0.254861
0.267418	0.244518
0.267663	0.234156
0.267897	0.223776
0.268121	0.213379
0.268334	0.202965
0.268537	0.192534
0.26873	0.182087
0.268912	0.171623
0.269083	0.161144
0.269244	0.15065
0.269395	0.140141
0.269535	0.129618
0.269665	0.119081
0.269784	0.10853
0.269892	0.0979666
0.26999	0.0873901
0.270078	0.0768012
0.270155	0.0662004
0.270221	0.0555881
0.270276	0.0449647
0.270321	0.0343306
0.270356	0.0236862
0.270379	0.0130319
0.270392	0.00236817
0.270395	-0.0083046
0.270386	-0.018986
0.270367	-0.0296756
0.270338	-0.040373
0.270297	-0.0510778
0.270246	-0.0617896
0.270185	-0.072508
0.270112	-0.0832324
0.270029	-0.0939626
0.269935	-0.104698
0.26983	-0.115438
0.269715	-0.126183
0.269589	-0.136932
0.269452	-0.147685
0.269304	-0.15844
0.269145	-0.169199
0.268976	-0.179959
0.268796	-0.190722
0.268606	-0.201486
0.268404	-0.212252
0.268192	-0.223018
0.267969	-0.233784
0.267735	-0.24455
0.267491	-0.255315
0.267235	-0.26608
0.266969	-0.276843
0.266692	-0.287604
0.266405	-0.298362
0.266106	-0.309118
0.265797	-0.319871
0.265477	-0.33062
0.265147	-0.341365
0.264805	-0.352106
0.264453	-0.362842
0.26409	-0.373572
0.263717	-0.384297
0.263333	-0.395015
0.262937	-0.405727
0.262532	-0.416432
0.262115	-0.42713
0.261688	-0.437819
0.26125	-0.448501
0.260802	-0.459173
0.260343	-0.469837
0.259873	-0.48049
0.259392	-0.491134
0.258901	-0.501767
0.258399	-0.51239
0.257887	-0.523001
0.257364	-0.5336
0.25683	-0.544188
0.256286	-0.554762
0.255732	-0.565324
0.255166	-0.575872
0.25459	-0.586406
0.254004	-0.596926
0.253407	-0.607431
0.2528	-0.617921
0.252182	-0.628396
0.251553	-0.638854
0.250914	-0.649296
0.250265	-0.659721
0.249605	-0.670129
0.248935	-0.680519
0.248255	-0.690891
0.247564	-0.701245
0.246863	-0.711579
0.246151	-0.721894
0.245429	-0.732189
0.244697	-0.742464
0.243954	-0.752719
0.243202	-0.762952
0.242439	-0.773163
0.241666	-0.783353
0.240882	-0.79352
0.240089	-0.803665
0.239285	-0.813786
0.238471	-0.823884
0.237647	-0.833957
0.236813	-0.844006
0.235969	-0.85403
0.235115	-0.864029
0.234251	-0.874003
0.233377	-0.88395
0.232493	-0.89387
0.2316	-0.903764
0.230696	-0.91363
0.229782	-0.923468
0.228859	-0.933279
0.227925	-0.94306
0.226982	-0.952813
0.22603	-0.962536
0.225067	-0.972229
0.224095	-0.981892
0.223113	-0.991525
0.222121	-1.00113
0.22112	-1.0107
0.22011	-1.02023
0.219089	-1.02974
0.21806	-1.03921
0.21702	-1.04865
0.215972	-1.05806
0.214914	-1.06743
0.213846	-1.07677
0.212769	-1.08607
0.211683	-1.09534
0.210588	-1.10458
0.209483	-1.11377
0.20837	-1.12293
0.207247	-1.13206
0.206115	-1.14115
0.204974	-1.1502
0.203823	-1.15921
0.202664	-1.16818
0.201496	-1.17712
0.200319	-1.18601
0.199133	-1.19487
0.197938	-1.20369
0.196734	-1.21247
0.195522	-1.2212
0.194301	-1.2299
0.193071	-1.23855
0.191832	-1.24717
0.190585	-1.25574
0.189329	-1.26427
0.188065	-1.27275
0.186792	-1.28119
0.185511	-1.28959
0.184221	-1.29795
0.182924	-1.30626
0.181617	-1.31453
0.180303	-1.32275
0.17898	-1.33092
0.177649	-1.33906
0.17631	-1.34714
0.174963	-1.35518
0.173608	-1.36317
0.172245	-1.37111
0.170873	-1.37901
0.169494	-1.38686
0.168108	-1.39466
0.166713	-1.40241
0.16531	-1.41012
0.1639	-1.41777
0.162483	-1.42537
0.161057	-1.43293
0.159624	-1.44043
0.158184	-1.44789
0.156736	-1.45529
0.155281	-1.46264
0.153818	-1.46994
0.152348	-1.47719
0.150871	-1.48439
0.149386	-1.49153
0.147895	-1.49862
0.146396	-1.50566
0.144891	-1.51264
0.143378	-1.51957
0.141858	-1.52645
0.140332	-1.53327
0.138799	-1.54004
0.137259	-1.54675
0.135712	-1.55341
0.134159	-1.56001
0.132599	-1.56655
0.131032	-1.57304
0.129459	-1.57947
0.127879	-1.58585
0.126294	-1.59216
0.124701	-1.59842
0.123103	-1.60462
0.121498	-1.61077
0.119888	-1.61685
0.118271	-1.62288
0.116648	-1.62885
0.115019	-1.63475
0.113384	-1.6406
0.111744	-1.64639
0.110097	-1.65212
0.108445	-1.65779
0.106787	-1.6634
0.105124	-1.66894
0.103455	-1.67443
0.101781	-1.67985
0.100101	-1.68521
0.0984156	-1.69051
0.0967251	-1.69575
0.0950293	-1.70093
0.0933284	-1.70604
0.0916223	-1.71109
0.0899112	-1.71607
0.0881952	-1.721
0.0864742	-1.72586
0.0847483	-1.73065
0.0830177	-1.73538
0.0812823	-1.74005
0.0795422	-1.74465
0.0777976	-1.74918
0.0760484	-1.75365
0.0742948	-1.75806
0.0725367	-1.7624
0.0707743	-1.76667
0.0690076	-1.77088
0.0672368	-1.77502
0.0654617	-1.77909
0.0636826	-1.7831
0.0618995	-1.78704
0.0601125	-1.79092
0.0583216	-1.79472
0.0565269	-1.79846
0.0547284	-1.80213
0.0529263	-1.80573
0.0511205	-1.80927
0.0493113	-1.81273
0.0474985	-1.81613
0.0456824	-1.81946
0.043863	-1.82272
0.0420402	-1.82591
0.0402143	-1.82903
0.0383853	-1.83208
0.0365532	-1.83506
0.0347182	-1.83797
0.0328802	-1.84081
0.0310394	-1.84358
0.0291958	-1.84628
0.0273495	-1.84891
0.0255006	-1.85147
0.0236491	-1.85396
0.0217952	-1.85637
0.0199388	-1.85872
0.0180801	-1.86099
0.0162191	-1.8632
0.0143559	-1.86533
0.0124906	-1.86739
0.0106232	-1.86937
0.00875381	-1.87129
0.00688252	-1.87313
0.00500939	-1.8749
0.00313449	-1.8766
0.00125789	-1.87822
-0.000620333	-1.87978
-0.00250011	-1.88126
-0.00438137	-1.88266
-0.00626403	-1.884
-0.00814802	-1.88526
-0.0100333	-1.88644
-0.0119197	-1.88755
-0.0138073	-1.88859
-0.0156959	-1.88956
-0.0175854	-1.89045
-0.0194759	-1.89127
-0.0213671	-1.89201
-0.0232592	-1.89268
-0.0251518	-1.89328
-0.0270451	-1.8938
-0.0289389	-1.89425
-0.0308332	-1.89462
-0.0327278	-1.89492
-0.0346227	-1.89514
-0.0365179	-1.89529
-0.0384132	-1.89537
-0.0403085	-1.89537
-0.0422039	-1.89529
-0.0440992	-1.89514
-0.0459943	-1.89492
-0.0478893	-1.89462
-0.0497839	-1.89424
-0.0516781	-1.89379
-0.0535719	-1.89327
-0.0554652	-1.89267
-0.0573578	-1.89199
-0.0592498	-1.89124
-0.0611411	-1.89042
-0.0630315	-1.88951
-0.064921	-1.88854
-0.0668095	-1.88749
-0.068697	-1.88636
-0.0705834	-1.88515
-0.0724685	-1.88388
-0.0743524	-1.88252
-0.0762349	-1.88109
-0.078116	-1.87959
-0.0799956	-1.87801
-0.0818736	-1.87635
-0.08375	-1.87462
-0.0856246	-1.87281
-0.0874974	-1.87093
-0.0893684	-1.86898
-0.0912373	-1.86694
-0.0931043	-1.86483
-0.0949691	-1.86265
-0.0968318	-1.86039
-0.0986921	-1.85806
-0.10055	-1.85565
-0.102406	-1.85316
-0.104259	-1.8506
-0.10611	-1.84797
-0.107958	-1.84526
-0.109803	-1.84247
-0.111645	-1.83961
-0.113485	-1.83667
-0.115322	-1.83366
-0.117155	-1.83058
-0.118986	-1.82742
-0.120813	-1.82418
-0.122637	-1.82087
-0.124458	-1.81749
-0.126276	-1.81403
-0.12809	-1.81049
-0.1299	-1.80688
-0.131707	-1.8032
-0.13351	-1.79944
-0.13531	-1.79561
-0.137105	-1.79171
-0.138897	-1.78773
-0.140685	-1.78367
-0.142469	-1.77955
-0.144248	-1.77535
-0.146023	-1.77107
-0.147795	-1.76672
-0.149561	-1.7623
-0.151324	-1.75781
-0.153081	-1.75324
-0.154835	-1.7486
-0.156583	-1.74389
-0.158327	-1.7391
-0.160066	-1.73424
-0.1618	-1.72931
-0.16353	-1.7243
-0.165254	-1.71923
-0.166973	-1.71408
-0.168687	-1.70886
-0.170396	-1.70357
-0.1721	-1.6982
-0.173798	-1.69277
-0.175491	-1.68726
-0.177178	-1.68168
-0.17886	-1.67603
-0.180536	-1.67031
-0.182206	-1.66452
-0.183871	-1.65866
-0.185529	-1.65273
-0.187182	-1.64672
-0.188829	-1.64065
-0.190469	-1.63451
-0.192104	-1.6283
-0.193732	-1.62202
-0.195354	-1.61567
-0.19697	-1.60925
-0.198579	-1.60276
-0.200182	-1.5962
-0.201778	-1.58957
-0.203368	-1.58288
-0.20495	-1.57612
-0.206527	-1.56929
-0.208096	-1.56239
-0.209658	-1.55542
-0.211214	-1.54839
-0.212762	-1.54129
-0.214303	-1.53413
-0.215837	-1.52689
-0.217364	-1.51959
-0.218884	-1.51223
-0.220396	-1.5048
-0.221901	-1.4973
-0.223398	-1.48974
-0.224888	-1.48211
-0.22637	-1.47442
-0.227845	-1.46666
-0.229311	-1.45884
-0.23077	-1.45095
-0.232221	-1.443
-0.233664	-1.43499
-0.235099	-1.42691
-0.236526	-1.41877
-0.237945	-1.41057
-0.239355	-1.4023
-0.240758	-1.39398
-0.242152	-1.38559
-0.243537	-1.37714
-0.244914	-1.36862
-0.246283	-1.36005
-0.247643	-1.35142
-0.248994	-1.34272
-0.250337	-1.33396
-0.251671	-1.32515
-0.252996	-1.31627
-0.254312	-1.30734
-0.25562	-1.29834
-0.256918	-1.28929
-0.258207	-1.28018
-0.259488	-1.27101
-0.260759	-1.26178
-0.26202	-1.2525
-0.263273	-1.24316
-0.264516	-1.23376
-0.26575	-1.2243
-0.266974	-1.21479
-0.268189	-1.20522
-0.269394	-1.1956
-0.27059	-1.18592
-0.271776	-1.17619
-0.272952	-1.1664
-0.274118	-1.15655
-0.275275	-1.14666
-0.276421	-1.13671
-0.277558	-1.1267
-0.278685	-1.11665
-0.279801	-1.10654
-0.280908	-1.09638
-0.282004	-1.08617
-0.283091	-1.0759
-0.284166	-1.06559
-0.285232	-1.05522
-0.286287	-1.0448
-0.287332	-1.03434
-0.288366	-1.02382
-0.28939	-1.01326
-0.290403	-1.00264
-0.291406	-0.99198
-0.292398	-0.98127
-0.293379	-0.970511
-0.29435	-0.959705
-0.29531	-0.948853
-0.296258	-0.937953
-0.297196	-0.927008
-0.298123	-0.916017
-0.299039	-0.90498
-0.299944	-0.893899
-0.300838	-0.882772
-0.301721	-0.871602
-0.302593	-0.860388
-0.303453	-0.84913
-0.304302	-0.83783
-0.30514	-0.826486
-0.305967	-0.815101
-0.306782	-0.803674
-0.307585	-0.792206
-0.308378	-0.780697
-0.309158	-0.769147
-0.309927	-0.757557
-0.310685	-0.745928
-0.311431	-0.734259
-0.312165	-0.722552
-0.312888	-0.710806
-0.313598	-0.699022
-0.314297	-0.687201
-0.314985	-0.675343
-0.31566	-0.663448
-0.316323	-0.651517
-0.316975	-0.639551
-0.317615	-0.627549
-0.318242	-0.615512
-0.318858	-0.60344
-0.319461	-0.591335
-0.320052	-0.579196
-0.320632	-0.567025
-0.321199	-0.55482
-0.321753	-0.542584
-0.322296	-0.530315
-0.322826	-0.518016
-0.323344	-0.505686
-0.32385	-0.493325
-0.324343	-0.480935
-0.324824	-0.468515
-0.325293	-0.456066
-0.325749	-0.443589
-0.326192	-0.431084
-0.326624	-0.418551
-0.327042	-0.405991
-0.327448	-0.393405
-0.327841	-0.380793
-0.328222	-0.368155
-0.32859	-0.355491
-0.328946	-0.342803
-0.329289	-0.330091
-0.329619	-0.317356
-0.329936	-0.304597
-0.330241	-0.291815
-0.330533	-0.279011
-0.330812	-0.266186
-0.331078	-0.253339
-0.331331	-0.240471
-0.331572	-0.227583
-0.331799	-0.214675
-0.332014	-0.201748
-0.332216	-0.188802
-0.332404	-0.175837
-0.33258	-0.162855
-0.332743	-0.149856
-0.332893	-0.13684
-0.33303	-0.123807
-0.333154	-0.110758
-0.333264	-0.0976947
-0.333362	-0.0846161
-0.333447	-0.0715232
-0.333518	-0.0584165
-0.333577	-0.0452964
-0.333622	-0.0321636
-0.333654	-0.0190185
-0.333673	-0.00586156
-0.333679	0.00730664
-0.333672	0.0204856
-0.333651	0.0336748
-0.333617	0.0468738
-0.333571	0.060082
-0.333511	0.0732989
-0.333437	0.086524
-0.333351	0.0997568
-0.333251	0.112997
-0.333138	0.126243
-0.333012	0.139496
-0.332872	0.152754
-0.332719	0.166018
-0.332553	0.179286
-0.332374	0.192558
-0.332182	0.205834
-0.331976	0.219112
-0.331757	0.232394
-0.331524	0.245677
-0.331279	0.258961
-0.33102	0.272247
-0.330747	0.285533
-0.330462	0.298819
-0.330163	0.312104
-0.329851	0.325388
-0.329526	0.33867
-0.329187	0.35195
-0.328835	0.365227
-0.32847	0.378502
-0.328091	0.391772
-0.327699	0.405038
-0.327294	0.418299
-0.326876	0.431555
-0.326444	0.444804
-0.326	0.458048
-0.325542	0.471284
-0.32507	0.484513
-0.324586	0.497734
-0.324088	0.510946
-0.323577	0.524149
-0.323053	0.537343
-0.322516	0.550527
-0.321965	0.563699
-0.321401	0.576861
-0.320825	0.590011
-0.320235	0.603149
-0.319631	0.616273
-0.319015	0.629385
-0.318386	0.642483
-0.317743	0.655566
-0.317088	0.668635
-0.316419	0.681688
-0.315737	0.694725
-0.315043	0.707745
-0.314335	0.720749
-0.313614	0.733735
-0.31288	0.746703
-0.312134	0.759652
-0.311374	0.772582
-0.310602	0.785493
-0.309816	0.798384
-0.309018	0.811253
-0.308206	0.824102
-0.307382	0.836929
-0.306545	0.849733
-0.305696	0.862515
-0.304833	0.875273
-0.303958	0.888008
-0.30307	0.900718
-0.302169	0.913403
-0.301256	0.926063
-0.30033	0.938697
-0.299391	0.951305
-0.29844	0.963885
-0.297476	0.976438
-0.296499	0.988963
-0.29551	1.00146
-0.294509	1.01393
-0.293495	1.02636
-0.292469	1.03877
-0.29143	1.05115
-0.290379	1.0635
-0.289315	1.07581
-0.288239	1.08809
-0.287151	1.10034
-0.286051	1.11256
-0.284938	1.12474
-0.283814	1.13689
-0.282677	1.149
-0.281528	1.16108
-0.280367	1.17313
-0.279194	1.18513
-0.278008	1.1971
-0.276811	1.20904
-0.275602	1.22093
-0.274381	1.23279
-0.273149	1.24461
-0.271904	1.25639
-0.270648	1.26813
-0.269379	1.27983
-0.2681	1.29148
-0.266808	1.3031
-0.265505	1.31468
-0.26419	1.32621
-0.262864	1.3377
-0.261526	1.34915
-0.260177	1.36055
-0.258817	1.37191
-0.257445	1.38323
-0.256062	1.3945
-0.254667	1.40572
-0.253261	1.4169
-0.251844	1.42803
-0.250416	1.43912
-0.248977	1.45016
-0.247527	1.46114
-0.246066	1.47209
-0.244594	1.48298
-0.243111	1.49382
-0.241617	1.50461
-0.240112	1.51535
-0.238597	1.52605
-0.237071	1.53669
-0.235534	1.54728
-0.233987	1.55781
-0.232429	1.5683
-0.230861	1.57873
-0.229282	1.5891
-0.227693	1.59943
-0.226094	1.60969
-0.224484	1.61991
-0.222864	1.63007
-0.221234	1.64017
-0.219594	1.65021
-0.217944	1.6602
-0.216284	1.67014
-0.214613	1.68001
-0.212933	1.68983
-0.211244	1.69959
-0.209544	1.70928
-0.207835	1.71892
-0.206116	1.7285
-0.204387	1.73802
-0.202649	1.74748
-0.200902	1.75688
-0.199145	1.76622
-0.197379	1.77549
-0.195603	1.78471
-0.193818	1.79386
-0.192025	1.80294
-0.190222	1.81197
-0.18841	1.82093
-0.186589	1.82982
-0.184759	1.83865
-0.18292	1.84742
-0.181073	1.85611
-0.179217	1.86475
-0.177352	1.87332
-0.175479	1.88182
-0.173597	1.89025
-0.171707	1.89861
-0.169808	1.90691
-0.167901	1.91514
-0.165986	1.9233
-0.164063	1.93139
-0.162131	1.93941
-0.160192	1.94737
-0.158244	1.95525
-0.156289	1.96306
-0.154326	1.9708
-0.152355	1.97847
-0.150377	1.98607
-0.148391	1.99359
-0.146397	2.00105
-0.144396	2.00843
-0.142388	2.01573
-0.140372	2.02297
-0.138349	2.03013
-0.136319	2.03721
-0.134282	2.04423
-0.132237	2.05116
-0.130186	2.05802
-0.128128	2.06481
-0.126063	2.07152
-0.123992	2.07815
-0.121914	2.08471
-0.119829	2.09119
-0.117738	2.0976
-0.11564	2.10392
-0.113536	2.11017
-0.111426	2.11634
-0.10931	2.12243
-0.107187	2.12845
-0.105059	2.13438
-0.102925	2.14024
-0.100784	2.14601
-0.0986384	2.15171
-0.0964867	2.15732
-0.0943294	2.16286
-0.0921665	2.16831
-0.0899982	2.17368
-0.0878245	2.17898
-0.0856455	2.18419
-0.0834613	2.18931
-0.081272	2.19436
-0.0790777	2.19933
-0.0768783	2.20421
-0.0746741	2.20901
-0.0724651	2.21372
-0.0702514	2.21835
-0.0680331	2.2229
-0.0658102	2.22736
-0.0635828	2.23174
-0.061351	2.23604
-0.059115	2.24025
-0.0568748	2.24438
-0.0546304	2.24842
-0.052382	2.25237
-0.0501296	2.25624
-0.0478733	2.26003
-0.0456133	2.26372
-0.0433496	2.26734
-0.0410823	2.27086
-0.0388114	2.2743
-0.0365371	2.27765
-0.0342594	2.28092
-0.0319785	2.28409
-0.0296944	2.28718
-0.0274072	2.29019
-0.0251171	2.2931
-0.022824	2.29593
-0.020528	2.29866
-0.0182294	2.30131
-0.0159281	2.30387
-0.0136242	2.30635
-0.0113178	2.30873
-0.00900911	2.31102
-0.00669809	2.31323
-0.00438486	2.31534
-0.00206952	2.31737
0.000247846	2.3193
0.00256715	2.32115
0.0048883	2.3229
0.0072112	2.32457
0.00953577	2.32614
0.0118619	2.32763
0.0141895	2.32902
0.0165186	2.33033
0.0188489	2.33154
0.0211804	2.33266
0.0235131	2.33369
0.0258468	2.33463
0.0281814	2.33547
0.0305169	2.33623
0.0328531	2.33689
0.03519	2.33747
0.0375275	2.33795
0.0398654	2.33834
0.0422038	2.33863
0.0445424	2.33884
0.0468812	2.33895
0.0492202	2.33897
0.0515592	2.3389
0.0538981	2.33874
0.0562368	2.33848
0.0585753	2.33813
0.0609134	2.33769
0.0632511	2.33715
0.0655882	2.33653
0.0679248	2.33581
0.0702606	2.33499
0.0725956	2.33409
0.0749296	2.33309
0.0772627	2.332
0.0795947	2.33081
0.0819255	2.32953
0.0842551	2.32816
0.0865832	2.3267
0.0889099	2.32514
0.0912351	2.32349
0.0935586	2.32175
0.0958803	2.31991
0.0982002	2.31798
0.100518	2.31596
0.102834	2.31385
0.105148	2.31164
0.10746	2.30934
0.109769	2.30694
0.112076	2.30445
0.11438	2.30187
0.116682	2.2992
0.118981	2.29643
0.121278	2.29357
0.123571	2.29062
0.125862	2.28757
0.12815	2.28443
0.130434	2.2812
0.132715	2.27788
0.134993	2.27446
0.137268	2.27095
0.139539	2.26735
0.141806	2.26365
0.14407	2.25987
0.146329	2.25599
0.148585	2.25201
0.150837	2.24795
0.153085	2.24379
0.155329	2.23954
0.157569	2.2352
0.159804	2.23077
0.162035	2.22625
0.164261	2.22163
0.166483	2.21692
0.1687	2.21213
0.170912	2.20723
0.173119	2.20225
0.175321	2.19718
0.177518	2.19202
0.17971	2.18676
0.181897	2.18142
0.184078	2.17598
0.186254	2.17046
0.188425	2.16484
0.19059	2.15913
0.192749	2.15333
0.194902	2.14745
0.19705	2.14147
0.199191	2.13541
0.201327	2.12925
0.203456	2.12301
0.205579	2.11667
0.207695	2.11025
0.209806	2.10374
0.211909	2.09714
0.214007	2.09045
0.216097	2.08367
0.218181	2.07681
0.220258	2.06986
0.222327	2.06282
0.22439	2.05569
0.226446	2.04848
0.228494	2.04118
0.230536	2.03379
0.232569	2.02631
0.234596	2.01875
0.236614	2.01111
0.238626	2.00337
0.240629	1.99556
0.242624	1.98765
0.244612	1.97967
0.246592	1.97159
0.248563	1.96343
0.250527	1.95519
0.252482	1.94687
0.254429	1.93846
0.256367	1.92996
0.258297	1.92139
0.260219	1.91273
0.262131	1.90398
0.264035	1.89516
0.265931	1.88625
0.267817	1.87726
0.269694	1.86819
0.271562	1.85904
0.273421	1.8498
0.275271	1.84049
0.277112	1.83109
0.278943	1.82162
0.280764	1.81206
0.282576	1.80243
0.284379	1.79272
0.286171	1.78292
0.287954	1.77305
0.289727	1.7631
0.291491	1.75307
0.293244	1.74297
0.294987	1.73279
0.296719	1.72253
0.298442	1.71219
0.300154	1.70178
0.301856	1.69129
0.303547	1.68073
0.305228	1.67009
0.306898	1.65937
0.308557	1.64859
0.310206	1.63772
0.311844	1.62679
0.31347	1.61578
0.315086	1.6047
0.316691	1.59354
0.318284	1.58231
0.319867	1.57101
0.321438	1.55964
0.322997	1.5482
0.324546	1.53669
0.326082	1.5251
0.327607	1.51345
0.329121	1.50173
0.330623	1.48994
0.332113	1.47808
0.333591	1.46615
0.335057	1.45415
0.336511	1.44209
0.337953	1.42995
0.339383	1.41776
0.340801	1.40549
0.342206	1.39316
0.343599	1.38077
0.34498	1.36831
0.346348	1.35578
0.347704	1.34319
0.349047	1.33054
0.350378	1.31783
0.351696	1.30505
0.353001	1.29221
0.354293	1.27931
0.355572	1.26634
0.356839	1.25332
0.358092	1.24023
0.359332	1.22709
0.360559	1.21388
0.361773	1.20062
0.362974	1.1873
0.364161	1.17392
0.365335	1.16048
0.366496	1.14699
0.367643	1.13344
0.368776	1.11983
0.369896	1.10617
0.371002	1.09245
0.372094	1.07868
0.373173	1.06485
0.374238	1.05097
0.375289	1.03703
0.376326	1.02305
0.377349	1.00901
0.378358	0.994921
0.379353	0.980779
0.380334	0.966588
0.3813	0.952346
0.382253	0.938055
0.383191	0.923715
0.384114	0.909326
0.385024	0.894889
0.385919	0.880405
0.386799	0.865874
0.387665	0.851296
0.388516	0.836673
0.389353	0.822004
0.390175	0.807291
0.390982	0.792533
0.391775	0.777732
0.392552	0.762887
0.393315	0.748
0.394063	0.733071
0.394796	0.718101
0.395514	0.703089
0.396218	0.688037
0.396906	0.672946
0.397579	0.657815
0.398236	0.642645
0.398879	0.627438
0.399506	0.612193
0.400119	0.59691
0.400716	0.581592
0.401297	0.566238
0.401863	0.550848
0.402414	0.535424
0.40295	0.519965
0.40347	0.504474
0.403974	0.488949
0.404463	0.473392
0.404936	0.457803
0.405394	0.442183
0.405836	0.426532
0.406263	0.410852
0.406674	0.395142
0.407069	0.379403
0.407448	0.363636
0.407812	0.347842
0.40816	0.33202
0.408492	0.316172
0.408808	0.300299
0.409108	0.2844
0.409393	0.268476
0.409661	0.252529
0.409914	0.236558
0.41015	0.220565
0.410371	0.204549
0.410575	0.188512
0.410764	0.172454
0.410936	0.156375
0.411093	0.140277
0.411233	0.12416
0.411357	0.108025
0.411465	0.0918716
0.411557	0.0757011
0.411633	0.059514
0.411692	0.043311
0.411736	0.0270927
0.411763	0.0108597
0.411774	-0.00538733
0.411768	-0.0216478
0.411747	-0.0379211
0.411709	-0.0542065
0.411654	-0.0705035
0.411584	-0.0868113
0.411497	-0.103129
0.411394	-0.119457
0.411274	-0.135794
0.411139	-0.152139
0.410987	-0.168492
0.410818	-0.184852
0.410633	-0.201218
0.410432	-0.21759
0.410214	-0.233968
0.40998	-0.250349
0.40973	-0.266735
0.409463	-0.283124
0.40918	-0.299515
0.408881	-0.315909
0.408565	-0.332303
0.408232	-0.348699
0.407884	-0.365094
0.407519	-0.381489
0.407137	-0.397882
0.406739	-0.414274
0.406325	-0.430662
0.405894	-0.447048
0.405447	-0.46343
0.404984	-0.479807
0.404504	-0.496179
0.404008	-0.512545
0.403495	-0.528905
0.402966	-0.545257
0.402421	-0.561602
0.40186	-0.577938
0.401282	-0.594265
0.400687	-0.610583
0.400077	-0.626889
0.39945	-0.643185
0.398807	-0.65947
0.398147	-0.675741
0.397472	-0.692
0.39678	-0.708245
0.396071	-0.724476
0.395347	-0.740692
0.394606	-0.756892
0.393849	-0.773076
0.393076	-0.789243
0.392287	-0.805393
0.391482	-0.821524
0.39066	-0.837636
0.389822	-0.853729
0.388969	-0.869801
0.388099	-0.885853
0.387213	-0.901883
0.386311	-0.917891
0.385393	-0.933877
0.384459	-0.949839
0.383509	-0.965776
0.382544	-0.981689
0.381562	-0.997577
0.380564	-1.01344
0.379551	-1.02927
0.378522	-1.04508
0.377477	-1.06086
0.376416	-1.07661
0.375339	-1.09233
0.374247	-1.10802
0.373139	-1.12369
0.372015	-1.13932
0.370876	-1.15491
0.369721	-1.17048
0.36855	-1.18601
0.367364	-1.20151
0.366163	-1.21697
0.364946	-1.2324
0.363714	-1.2478
0.362466	-1.26315
0.361203	-1.27847
0.359924	-1.29376
0.35863	-1.309
0.357321	-1.32421
0.355997	-1.33937
0.354658	-1.3545
0.353303	-1.36958
0.351934	-1.38463
0.350549	-1.39963
0.349149	-1.41459
0.347735	-1.4295
0.346305	-1.44437
0.344861	-1.4592
0.343402	-1.47398
0.341928	-1.48872
0.340439	-1.50341
0.338936	-1.51805
0.337418	-1.53265
0.335885	-1.54719
0.334338	-1.56169
0.332776	-1.57614
0.3312	-1.59054
0.329609	-1.60489
0.328005	-1.61918
0.326385	-1.63343
0.324752	-1.64762
0.323104	-1.66176
0.321443	-1.67584
0.319767	-1.68987
0.318077	-1.70385
0.316373	-1.71777
0.314655	-1.73163
0.312924	-1.74544
0.311178	-1.75919
0.309419	-1.77288
0.307646	-1.78652
0.30586	-1.80009
0.304059	-1.81361
0.302246	-1.82706
0.300419	-1.84045
0.298578	-1.85379
0.296725	-1.86706
0.294858	-1.88026
0.292977	-1.89341
0.291084	-1.90649
0.289177	-1.91951
0.287258	-1.93246
0.285325	-1.94535
0.28338	-1.95817
0.281422	-1.97092
0.279451	-1.98361
0.277467	-1.99623
0.275471	-2.00878
0.273462	-2.02126
0.271441	-2.03367
0.269407	-2.04601
0.267361	-2.05829
0.265303	-2.07049
0.263233	-2.08262
0.26115	-2.09468
0.259055	-2.10666
0.256949	-2.11858
0.25483	-2.13041
0.2527	-2.14218
0.250557	-2.15387
0.248404	-2.16548
0.246238	-2.17702
0.244061	-2.18849
0.241873	-2.19987
0.239673	-2.21118
0.237462	-2.22241
0.235239	-2.23356
0.233006	-2.24464
0.230761	-2.25563
0.228505	-2.26655
0.226239	-2.27738
0.223961	-2.28813
0.221673	-2.29881
0.219374	-2.3094
0.217065	-2.3199
0.214745	-2.33033
0.212415	-2.34067
0.210074	-2.35093
0.207723	-2.3611
0.205362	-2.37119
0.202991	-2.3812
0.20061	-2.39112
0.198219	-2.40095
0.195818	-2.4107
0.193407	-2.42035
0.190987	-2.42993
0.188557	-2.43941
0.186117	-2.44881
0.183668	-2.45811
0.18121	-2.46733
0.178743	-2.47646
0.176267	-2.48549
0.173781	-2.49444
0.171287	-2.5033
0.168783	-2.51206
0.166271	-2.52074
0.163751	-2.52932
0.161221	-2.5378
0.158683	-2.5462
0.156137	-2.5545
0.153583	-2.56271
0.15102	-2.57082
0.148449	-2.57884
0.14587	-2.58676
0.143284	-2.59459
0.140689	-2.60232
0.138087	-2.60996
0.135477	-2.6175
0.132859	-2.62494
0.130234	-2.63229
0.127602	-2.63953
0.124962	-2.64668
0.122316	-2.65373
0.119662	-2.66069
0.117001	-2.66754
0.114334	-2.67429
0.11166	-2.68095
0.108979	-2.6875
0.106291	-2.69395
0.103597	-2.7003
0.100897	-2.70655
0.0981903	-2.7127
0.0954776	-2.71875
0.0927588	-2.72469
0.0900341	-2.73053
0.0873036	-2.73627
0.0845673	-2.74191
0.0818254	-2.74744
0.079078	-2.75287
0.0763251	-2.75819
0.0735669	-2.76341
0.0708035	-2.76853
0.068035	-2.77354
0.0652615	-2.77844
0.062483	-2.78324
0.0596998	-2.78793
0.0569118	-2.79252
0.0541193	-2.797
0.0513223	-2.80138
0.0485209	-2.80564
0.0457153	-2.8098
0.0429055	-2.81386
0.0400916	-2.8178
0.0372738	-2.82164
0.0344522	-2.82537
0.0316268	-2.82899
0.0287978	-2.8325
0.0259653	-2.8359
0.0231294	-2.8392
0.0202902	-2.84238
0.0174479	-2.84546
0.0146024	-2.84842
0.011754	-2.85128
0.00890271	-2.85402
0.00604869	-2.85666
0.00319204	-2.85918
0.000332857	-2.86159
-0.00252874	-2.8639
-0.00539263	-2.86609
-0.00825872	-2.86817
-0.0111269	-2.87013
-0.013997	-2.87199
-0.016869	-2.87374
-0.0197427	-2.87537
-0.0226181	-2.87689
-0.025495	-2.8783
-0.0283733	-2.8796
-0.0312529	-2.88078
-0.0341337	-2.88185
-0.0370155	-2.88281
-0.0398983	-2.88365
-0.042782	-2.88438
-0.0456664	-2.885
-0.0485514	-2.88551
-0.0514369	-2.8859
-0.0543228	-2.88618
-0.057209	-2.88634
-0.0600953	-2.88639
-0.0629817	-2.88633
-0.065868	-2.88615
-0.0687542	-2.88586
-0.07164	-2.88546
-0.0745255	-2.88494
-0.0774104	-2.8843
-0.0802947	-2.88355
-0.0831783	-2.88269
-0.086061	-2.88171
-0.0889427	-2.88062
-0.0918233	-2.87941
-0.0947027	-2.87809
-0.0975808	-2.87666
-0.100457	-2.8751
-0.103333	-2.87344
-0.106206	-2.87166
-0.109078	-2.86976
-0.111947	-2.86775
-0.114815	-2.86563
-0.117681	-2.86339
-0.120544	-2.86103
-0.123405	-2.85856
-0.126264	-2.85598
-0.12912	-2.85328
-0.131973	-2.85046
-0.134823	-2.84753
-0.137671	-2.84449
-0.140516	-2.84133
-0.143357	-2.83805
-0.146195	-2.83466
-0.14903	-2.83116
-0.151861	-2.82754
-0.154688	-2.82381
-0.157512	-2.81996
-0.160332	-2.816
-0.163148	-2.81192
-0.16596	-2.80773
-0.168768	-2.80342
-0.171571	-2.799
-0.17437	-2.79447
-0.177165	-2.78982
-0.179954	-2.78506
-0.182739	-2.78018
-0.18552	-2.77519
-0.188295	-2.77009
-0.191065	-2.76487
-0.19383	-2.75954
-0.196589	-2.7541
-0.199343	-2.74854
-0.202092	-2.74287
-0.204835	-2.73708
-0.207572	-2.73119
-0.210303	-2.72518
-0.213028	-2.71906
-0.215747	-2.71282
-0.21846	-2.70647
-0.221167	-2.70001
-0.223867	-2.69344
-0.22656	-2.68676
-0.229247	-2.67996
-0.231927	-2.67306
-0.2346	-2.66604
-0.237266	-2.65891
-0.239925	-2.65167
-0.242577	-2.64432
-0.245221	-2.63686
-0.247858	-2.62929
-0.250487	-2.62161
-0.253109	-2.61382
-0.255722	-2.60591
-0.258328	-2.5979
-0.260926	-2.58978
-0.263516	-2.58155
-0.266098	-2.57322
-0.268671	-2.56477
-0.271236	-2.55622
-0.273792	-2.54755
-0.276339	-2.53878
-0.278878	-2.5299
-0.281408	-2.52092
-0.283929	-2.51182
-0.286441	-2.50262
-0.288943	-2.49332
-0.291437	-2.48391
-0.293921	-2.47439
-0.296395	-2.46476
-0.29886	-2.45503
-0.301315	-2.4452
-0.30376	-2.43526
-0.306195	-2.42522
-0.30862	-2.41507
-0.311036	-2.40482
-0.31344	-2.39446
-0.315835	-2.384
-0.318219	-2.37344
-0.320592	-2.36278
-0.322955	-2.35201
-0.325307	-2.34114
-0.327648	-2.33017
-0.329978	-2.3191
-0.332297	-2.30793
-0.334605	-2.29666
-0.336902	-2.28529
-0.339187	-2.27381
-0.341461	-2.26224
-0.343723	-2.25057
-0.345974	-2.2388
-0.348213	-2.22694
-0.35044	-2.21497
-0.352655	-2.20291
-0.354858	-2.19075
-0.357048	-2.17849
-0.359227	-2.16614
-0.361393	-2.15369
-0.363547	-2.14115
-0.365688	-2.12851
-0.367816	-2.11577
-0.369932	-2.10294
-0.372035	-2.09002
-0.374125	-2.07701
-0.376202	-2.0639
-0.378266	-2.0507
-0.380317	-2.0374
-0.382354	-2.02402
-0.384378	-2.01054
-0.386389	-1.99698
-0.388386	-1.98332
-0.390369	-1.96958
-0.392338	-1.95574
-0.394294	-1.94182
-0.396236	-1.9278
-0.398164	-1.9137
-0.400078	-1.89952
-0.401977	-1.88524
-0.403862	-1.87088
-0.405733	-1.85643
-0.40759	-1.8419
-0.409432	-1.82728
-0.411259	-1.81258
-0.413071	-1.79779
-0.414869	-1.78292
-0.416652	-1.76797
-0.41842	-1.75294
-0.420173	-1.73782
-0.421911	-1.72262
-0.423633	-1.70735
-0.425341	-1.69199
-0.427033	-1.67655
-0.428709	-1.66103
-0.43037	-1.64544
-0.432016	-1.62976
-0.433646	-1.61401
-0.43526	-1.59818
-0.436858	-1.58228
-0.43844	-1.5663
-0.440006	-1.55024
-0.441557	-1.53411
-0.443091	-1.51791
-0.444609	-1.50163
-0.44611	-1.48528
-0.447596	-1.46885
-0.449064	-1.45236
-0.450517	-1.43579
-0.451953	-1.41915
-0.453372	-1.40245
-0.454774	-1.38567
-0.45616	-1.36883
-0.457529	-1.35191
-0.458881	-1.33493
-0.460215	-1.31788
-0.461533	-1.30077
-0.462834	-1.28359
-0.464118	-1.26634
-0.465384	-1.24903
-0.466633	-1.23166
-0.467865	-1.21422
-0.469079	-1.19673
-0.470276	-1.17916
-0.471455	-1.16154
-0.472616	-1.14386
-0.47376	-1.12612
-0.474886	-1.10831
-0.475995	-1.09045
-0.477085	-1.07253
-0.478158	-1.05456
-0.479212	-1.03652
-0.480249	-1.01843
-0.481267	-1.00029
-0.482267	-0.98209
-0.48325	-0.963836
-0.484213	-0.945529
-0.485159	-0.92717
-0.486086	-0.908758
-0.486995	-0.890295
-0.487885	-0.871782
-0.488757	-0.853218
-0.48961	-0.834606
-0.490445	-0.815944
-0.491261	-0.797235
-0.492058	-0.778479
-0.492836	-0.759676
-0.493596	-0.740827
-0.494337	-0.721933
-0.495059	-0.702995
-0.495762	-0.684013
-0.496446	-0.664989
-0.497111	-0.645922
-0.497757	-0.626813
-0.498384	-0.607664
-0.498991	-0.588475
-0.49958	-0.569246
-0.500149	-0.549979
-0.500699	-0.530674
-0.50123	-0.511332
-0.501741	-0.491953
-0.502233	-0.472539
-0.502705	-0.453089
-0.503159	-0.433606
-0.503592	-0.414089
-0.504006	-0.394539
-0.504401	-0.374957
-0.504776	-0.355344
-0.505131	-0.335701
-0.505467	-0.316028
-0.505783	-0.296326
-0.506079	-0.276595
-0.506356	-0.256837
-0.506613	-0.237052
-0.50685	-0.217242
-0.507067	-0.197406
-0.507264	-0.177546
-0.507442	-0.157662
-0.507599	-0.137755
-0.507737	-0.117826
-0.507855	-0.0978755
-0.507953	-0.0779045
-0.508031	-0.0579137
-0.508089	-0.0379037
-0.508127	-0.0178755
-0.508145	0.00217021
-0.508142	0.0222327
-0.50812	0.0423111
-0.508078	0.0624048
-0.508015	0.0825128
-0.507933	0.102634
-0.50783	0.122769
-0.507707	0.142915
-0.507565	0.163073
-0.507401	0.183242
-0.507218	0.20342
-0.507015	0.223607
-0.506791	0.243802
-0.506547	0.264004
-0.506283	0.284213
-0.505999	0.304427
-0.505695	0.324647
-0.50537	0.344871
-0.505025	0.365098
-0.50466	0.385328
-0.504275	0.405559
-0.503869	0.425791
-0.503443	0.446024
-0.502997	0.466256
-0.502531	0.486487
-0.502045	0.506715
-0.501538	0.52694
-0.501011	0.547162
-0.500464	0.567379
-0.499897	0.58759
-0.499309	0.607795
-0.498701	0.627993
-0.498073	0.648184
-0.497425	0.668365
-0.496757	0.688538
-0.496068	0.7087
-0.495359	0.72885
-0.494631	0.74899
-0.493882	0.769116
-0.493112	0.789229
-0.492323	0.809328
-0.491514	0.829411
-0.490684	0.849479
-0.489835	0.86953
-0.488965	0.889563
-0.488076	0.909579
-0.487166	0.929575
-0.486237	0.949551
-0.485287	0.969507
-0.484318	0.989441
-0.483328	1.00935
-0.482319	1.02924
-0.48129	1.04911
-0.480241	1.06895
-0.479172	1.08876
-0.478083	1.10855
-0.476974	1.12831
-0.475846	1.14804
-0.474698	1.16775
-0.47353	1.18742
-0.472343	1.20706
-0.471136	1.22668
-0.469909	1.24626
-0.468663	1.26581
-0.467397	1.28532
-0.466112	1.3048
-0.464807	1.32425
-0.463483	1.34366
-0.462139	1.36303
-0.460776	1.38236
-0.459394	1.40166
-0.457992	1.42092
-0.456571	1.44013
-0.455131	1.45931
-0.453672	1.47845
-0.452193	1.49754
-0.450696	1.51659
-0.449179	1.5356
-0.447643	1.55456
-0.446089	1.57347
-0.444515	1.59234
-0.442923	1.61117
-0.441312	1.62994
-0.439682	1.64867
-0.438033	1.66734
-0.436366	1.68597
-0.43468	1.70455
-0.432975	1.72307
-0.431252	1.74154
-0.429511	1.75996
-0.427751	1.77832
-0.425972	1.79663
-0.424176	1.81489
-0.422361	1.83309
-0.420528	1.85123
-0.418677	1.86931
-0.416807	1.88733
-0.41492	1.9053
-0.413015	1.9232
-0.411091	1.94105
-0.40915	1.95883
-0.407192	1.97655
-0.405215	1.9942
-0.403221	2.0118
-0.401209	2.02932
-0.39918	2.04679
-0.397133	2.06418
-0.395069	2.08151
-0.392987	2.09878
-0.390888	2.11597
-0.388772	2.13309
-0.386639	2.15015
-0.384489	2.16713
-0.382322	2.18404
-0.380138	2.20089
-0.377937	2.21765
-0.37572	2.23435
-0.373485	2.25097
-0.371234	2.26751
-0.368967	2.28398
-0.366683	2.30038
-0.364382	2.31669
-0.362066	2.33293
-0.359733	2.34909
-0.357384	2.36517
-0.355018	2.38117
-0.352637	2.39709
-0.35024	2.41293
-0.347827	2.42869
-0.345399	2.44437
-0.342954	2.45996
-0.340494	2.47546
-0.338019	2.49089
-0.335528	2.50622
-0.333022	2.52147
-0.3305	2.53664
-0.327964	2.55172
-0.325412	2.5667
-0.322845	2.5816
-0.320264	2.59642
-0.317667	2.61114
-0.315056	2.62577
-0.31243	2.6403
-0.30979	2.65475
-0.307135	2.6691
-0.304466	2.68337
-0.301783	2.69753
-0.299085	2.7116
-0.296374	2.72558
-0.293648	2.73946
-0.290909	2.75325
-0.288155	2.76693
-0.285388	2.78052
-0.282608	2.79401
-0.279814	2.80741
-0.277006	2.8207
-0.274186	2.83389
-0.271352	2.84698
-0.268505	2.85997
-0.265645	2.87286
-0.262772	2.88565
-0.259886	2.89833
-0.256988	2.91091
-0.254077	2.92338
-0.251154	2.93575
-0.248218	2.94801
-0.24527	2.96017
-0.24231	2.97222
-0.239338	2.98417
-0.236353	2.996
-0.233357	3.00773
-0.23035	3.01935
-0.22733	3.03086
-0.224299	3.04226
-0.221257	3.05355
-0.218204	3.06472
-0.215139	3.07579
-0.212063	3.08674
-0.208976	3.09759
-0.205879	3.10831
-0.20277	3.11893
-0.199652	3.12943
-0.196522	3.13981
-0.193382	3.15008
-0.190232	3.16024
-0.187072	3.17028
-0.183902	3.1802
-0.180722	3.19
-0.177532	3.19969
-0.174332	3.20926
-0.171123	3.21871
-0.167904	3.22804
-0.164676	3.23725
-0.161439	3.24634
-0.158192	3.25531
-0.154937	3.26416
-0.151673	3.27289
-0.1484	3.28149
-0.145118	3.28998
-0.141828	3.29834
-0.13853	3.30658
-0.135224	3.31469
-0.131909	3.32268
-0.128586	3.33055
-0.125256	3.33829
-0.121917	3.3459
-0.118571	3.35339
-0.115218	3.36076
-0.111857	3.36799
-0.108489	3.3751
-0.105114	3.38209
-0.101732	3.38894
-0.0983431	3.39567
-0.0949475	3.40227
-0.0915452	3.40874
-0.0881364	3.41508
-0.0847214	3.42129
-0.0813001	3.42737
-0.0778727	3.43332
-0.0744394	3.43915
-0.0710002	3.44484
-0.0675554	3.45039
-0.064105	3.45582
-0.0606492	3.46112
-0.0571881	3.46628
-0.0537218	3.47131
-0.0502505	3.47621
-0.0467743	3.48097
-0.0432933	3.48561
-0.0398077	3.4901
-0.0363176	3.49447
-0.0328231	3.4987
-0.0293244	3.50279
-0.0258216	3.50675
-0.0223149	3.51058
-0.0188043	3.51426
-0.01529	3.51782
-0.0117722	3.52124
-0.00825099	3.52452
-0.00472647	3.52766
-0.0011988	3.53067
0.00233187	3.53354
0.00586541	3.53628
0.00940169	3.53888
0.0129406	3.54134
0.0164819	3.54366
0.0200256	3.54584
0.0235714	3.54789
0.0271193	3.5498
0.0306691	3.55157
0.0342207	3.5532
0.0377739	3.55469
0.0413285	3.55604
0.0448846	3.55725
0.0484418	3.55833
0.0520002	3.55926
0.0555594	3.56006
0.0591195	3.56071
0.0626802	3.56123
0.0662414	3.5616
0.069803	3.56183
0.0733648	3.56193
0.0769268	3.56188
0.0804887	3.56169
0.0840503	3.56137
0.0876117	3.5609
0.0911726	3.56029
0.0947329	3.55954
0.0982924	3.55864
0.101851	3.55761
0.105409	3.55643
0.108965	3.55512
0.11252	3.55366
0.116074	3.55206
0.119626	3.55032
0.123176	3.54844
0.126725	3.54641
0.130271	3.54425
0.133815	3.54194
0.137357	3.53949
0.140897	3.5369
0.144434	3.53417
0.147968	3.53129
0.151499	3.52828
0.155027	3.52512
0.158553	3.52182
0.162074	3.51838
0.165593	3.51479
0.169108	3.51107
0.172619	3.5072
0.176126	3.50319
0.179629	3.49904
0.183128	3.49475
0.186623	3.49031
0.190113	3.48574
0.193599	3.48102
0.19708	3.47616
0.200556	3.47116
0.204027	3.46602
0.207493	3.46074
0.210954	3.45532
0.214409	3.44975
0.217859	3.44405
0.221303	3.4382
0.224741	3.43222
0.228174	3.42609
0.2316	3.41982
0.235019	3.41342
0.238433	3.40687
0.24184	3.40018
0.24524	3.39336
0.248633	3.38639
0.25202	3.37928
0.255399	3.37204
0.258771	3.36465
0.262136	3.35713
0.265493	3.34946
0.268842	3.34166
0.272184	3.33372
0.275518	3.32564
0.278843	3.31743
0.282161	3.30907
0.28547	3.30058
0.28877	3.29195
0.292062	3.28318
0.295345	3.27428
0.29862	3.26524
0.301885	3.25606
0.305141	3.24675
0.308388	3.2373
0.311625	3.22772
0.314853	3.218
0.318071	3.20814
0.321279	3.19815
0.324477	3.18803
0.327665	3.17777
0.330843	3.16737
0.33401	3.15685
0.337167	3.14618
0.340313	3.13539
0.343449	3.12446
0.346573	3.1134
0.349687	3.10221
0.352789	3.09089
0.35588	3.07944
0.358959	3.06785
0.362027	3.05613
0.365083	3.04428
0.368127	3.03231
0.37116	3.0202
0.37418	3.00796
0.377188	2.9956
0.380183	2.9831
0.383167	2.97048
0.386137	2.95773
0.389095	2.94485
0.39204	2.93185
0.394971	2.91872
0.39789	2.90546
0.400796	2.89207
0.403688	2.87857
0.406566	2.86493
0.409431	2.85117
0.412282	2.83729
0.41512	2.82328
0.417943	2.80915
0.420752	2.7949
0.423547	2.78053
0.426328	2.76603
0.429094	2.75141
0.431845	2.73667
0.434582	2.72181
0.437303	2.70684
0.44001	2.69174
0.442702	2.67652
0.445379	2.66118
0.44804	2.64573
0.450685	2.63016
0.453316	2.61447
0.45593	2.59867
0.458529	2.58274
0.461111	2.56671
0.463678	2.55056
0.466229	2.53429
0.468763	2.51791
0.471281	2.50142
0.473782	2.48482
0.476267	2.4681
0.478735	2.45127
0.481187	2.43434
0.483621	2.41729
0.486038	2.40013
0.488438	2.38286
0.490821	2.36548
0.493187	2.348
0.495535	2.33041
0.497865	2.31271
0.500178	2.2949
0.502473	2.27699
0.50475	2.25898
0.507009	2.24086
0.50925	2.22264
0.511472	2.20431
0.513676	2.18588
0.515862	2.16735
0.51803	2.14872
0.520178	2.12999
0.522308	2.11116
0.52442	2.09222
0.526512	2.07319
0.528585	2.05407
0.530639	2.03484
0.532674	2.01552
0.534689	1.99611
0.536686	1.97659
0.538662	1.95699
0.540619	1.93729
0.542556	1.91749
0.544474	1.89761
0.546371	1.87763
0.548249	1.85756
0.550107	1.83741
0.551944	1.81716
0.553761	1.79682
0.555558	1.7764
0.557334	1.75589
0.55909	1.73529
0.560826	1.71461
0.56254	1.69384
0.564234	1.67298
0.565907	1.65205
0.567559	1.63103
0.56919	1.60993
0.5708	1.58874
0.572389	1.56748
0.573956	1.54614
0.575502	1.52471
0.577027	1.50321
0.57853	1.48164
0.580012	1.45998
0.581472	1.43825
0.58291	1.41645
0.584327	1.39457
0.585721	1.37262
0.587094	1.35059
0.588444	1.32849
0.589773	1.30633
0.591079	1.28409
0.592363	1.26178
0.593625	1.2394
0.594865	1.21696
0.596082	1.19445
0.597276	1.17187
0.598448	1.14923
0.599597	1.12652
0.600724	1.10375
0.601827	1.08092
0.602908	1.05803
0.603966	1.03507
0.605001	1.01206
0.606013	0.988981
0.607002	0.965848
0.607968	0.942657
0.608911	0.91941
0.60983	0.896106
0.610726	0.872748
0.611599	0.849336
0.612449	0.82587
0.613274	0.802353
0.614077	0.778783
0.614856	0.755164
0.615611	0.731494
0.616342	0.707776
0.61705	0.68401
0.617734	0.660197
0.618394	0.636338
0.61903	0.612434
0.619643	0.588486
0.620231	0.564494
0.620796	0.54046
0.621336	0.516384
0.621853	0.492268
0.622345	0.468112
0.622813	0.443917
0.623257	0.419685
0.623677	0.395415
0.624072	0.37111
0.624443	0.346769
0.62479	0.322395
0.625112	0.297987
0.62541	0.273547
0.625684	0.249075
0.625933	0.224574
0.626158	0.200042
0.626358	0.175483
0.626533	0.150895
0.626684	0.126282
0.62681	0.101642
0.626912	0.076978
0.626989	0.0522901
0.627041	0.0275794
0.627069	0.00284684
0.627072	-0.0219066
0.62705	-0.0466799
0.627003	-0.0714722
0.626932	-0.0962824
0.626835	-0.12111
0.626714	-0.145953
0.626568	-0.170812
0.626397	-0.195684
0.626202	-0.22057
0.625981	-0.245468
0.625736	-0.270377
0.625465	-0.295296
0.62517	-0.320225
0.62485	-0.345162
0.624505	-0.370106
0.624135	-0.395056
0.623739	-0.420012
0.623319	-0.444973
0.622874	-0.469936
0.622405	-0.494902
0.62191	-0.51987
0.62139	-0.544838
0.620845	-0.569805
0.620275	-0.594771
0.61968	-0.619734
0.619061	-0.644694
0.618416	-0.669649
0.617746	-0.694599
0.617052	-0.719542
0.616332	-0.744478
0.615588	-0.769406
0.614818	-0.794324
0.614024	-0.819231
0.613205	-0.844127
0.612361	-0.869011
0.611492	-0.893881
0.610598	-0.918737
0.609679	-0.943577
0.608735	-0.968401
0.607767	-0.993208
0.606774	-1.018
0.605756	-1.04277
0.604713	-1.06751
0.603645	-1.09224
0.602553	-1.11695
0.601436	-1.14163
0.600295	-1.16628
0.599128	-1.19092
0.597937	-1.21552
0.596722	-1.2401
0.595482	-1.26465
0.594217	-1.28917
0.592928	-1.31366
0.591614	-1.33812
0.590276	-1.36254
0.588914	-1.38694
0.587527	-1.4113
0.586115	-1.43562
0.58468	-1.45991
0.58322	-1.48416
0.581736	-1.50837
0.580227	-1.53254
0.578695	-1.55668
0.577138	-1.58077
0.575557	-1.60482
0.573953	-1.62882
0.572324	-1.65278
0.570671	-1.6767
0.568994	-1.70057
0.567294	-1.72439
0.565569	-1.74817
0.563821	-1.7719
0.562049	-1.79557
0.560254	-1.8192
0.558435	-1.84277
0.556592	-1.86629
0.554725	-1.88976
0.552836	-1.91317
0.550923	-1.93652
0.548986	-1.95982
0.547026	-1.98306
0.545043	-2.00625
0.543037	-2.02937
0.541008	-2.05243
0.538955	-2.07543
0.53688	-2.09837
0.534781	-2.12124
0.53266	-2.14405
0.530516	-2.16679
0.528349	-2.18947
0.52616	-2.21208
0.523948	-2.23462
0.521713	-2.2571
0.519456	-2.2795
0.517176	-2.30183
0.514875	-2.32409
0.512551	-2.34627
0.510204	-2.36839
0.507836	-2.39042
0.505445	-2.41238
0.503033	-2.43427
0.500599	-2.45607
0.498143	-2.4778
0.495665	-2.49945
0.493165	-2.52102
0.490644	-2.5425
0.488102	-2.56391
0.485538	-2.58523
0.482953	-2.60646
0.480346	-2.62762
0.477719	-2.64868
0.47507	-2.66966
0.4724	-2.69055
0.46971	-2.71135
0.466998	-2.73206
0.464266	-2.75269
0.461514	-2.77322
0.458741	-2.79366
0.455947	-2.814
0.453133	-2.83425
0.450299	-2.85441
0.447444	-2.87447
0.44457	-2.89443
0.441675	-2.9143
0.438761	-2.93407
0.435827	-2.95374
0.432873	-2.97331
0.4299	-2.99277
0.426907	-3.01214
0.423895	-3.0314
0.420864	-3.05056
0.417813	-3.06962
0.414743	-3.08857
0.411655	-3.10741
0.408547	-3.12615
0.405421	-3.14478
0.402276	-3.1633
0.399113	-3.18171
0.395931	-3.20001
0.392731	-3.2182
0.389513	-3.23628
0.386277	-3.25425
0.383023	-3.2721
0.379751	-3.28984
0.376461	-3.30747
0.373153	-3.32497
0.369828	-3.34237
0.366486	-3.35964
0.363126	-3.3768
0.35975	-3.39383
0.356356	-3.41075
0.352945	-3.42755
0.349517	-3.44422
0.346073	-3.46078
0.342612	-3.47721
0.339135	-3.49352
0.335642	-3.5097
0.332132	-3.52576
0.328606	-3.54169
0.325065	-3.5575
0.321507	-3.57317
0.317934	-3.58873
0.314345	-3.60415
0.310741	-3.61944
0.307122	-3.6346
0.303487	-3.64964
0.299837	-3.66454
0.296173	-3.67931
0.292493	-3.69394
0.2888	-3.70844
0.285091	-3.72281
0.281368	-3.73705
0.277631	-3.75114
0.27388	-3.76511
0.270115	-3.77893
0.266336	-3.79262
0.262543	-3.80617
0.258737	-3.81957
0.254918	-3.83284
0.251085	-3.84597
0.247239	-3.85896
0.24338	-3.87181
0.239508	-3.88452
0.235624	-3.89708
0.231726	-3.9095
0.227817	-3.92178
0.223895	-3.93391
0.219961	-3.94589
0.216015	-3.95773
0.212058	-3.96943
0.208088	-3.98098
0.204107	-3.99238
0.200115	-4.00363
0.196111	-4.01473
0.192097	-4.02568
0.188071	-4.03649
0.184034	-4.04714
0.179987	-4.05765
0.17593	-4.068
0.171862	-4.0782
0.167783	-4.08824
0.163695	-4.09814
0.159597	-4.10788
0.155489	-4.11747
0.151372	-4.1269
0.147245	-4.13618
0.143109	-4.1453
0.138963	-4.15426
0.134809	-4.16307
0.130646	-4.17173
0.126474	-4.18022
0.122294	-4.18856
0.118105	-4.19674
0.113909	-4.20476
0.109704	-4.21262
0.105491	-4.22032
0.101271	-4.22786
0.0970432	-4.23524
0.0928079	-4.24246
0.0885655	-4.24952
0.0843159	-4.25641
0.0800595	-4.26315
0.0757964	-4.26972
0.0715267	-4.27613
0.0672505	-4.28237
0.0629682	-4.28845
0.0586797	-4.29437
0.0543853	-4.30012
0.0500852	-4.30571
0.0457795	-4.31113
0.0414684	-4.31639
0.037152	-4.32148
0.0328305	-4.3264
0.0285041	-4.33116
0.024173	-4.33575
0.0198372	-4.34017
0.015497	-4.34443
0.0111526	-4.34851
0.0068041	-4.35243
0.00245167	-4.35618
-0.00190451	-4.35976
-0.00626428	-4.36318
-0.0106275	-4.36642
-0.0149939	-4.36949
-0.0193634	-4.3724
-0.0237358	-4.37513
-0.0281109	-4.37769
-0.0324886	-4.38009
-0.0368687	-4.38231
-0.041251	-4.38436
-0.0456353	-4.38624
-0.0500216	-4.38794
-0.0544095	-4.38948
-0.058799	-4.39084
-0.0631898	-4.39204
-0.0675819	-4.39305
-0.0719749	-4.3939
-0.0763688	-4.39457
-0.0807634	-4.39507
-0.0851585	-4.3954
-0.0895539	-4.39556
-0.0939494	-4.39554
-0.098345	-4.39535
-0.10274	-4.39498
-0.107135	-4.39444
-0.11153	-4.39373
-0.115923	-4.39284
-0.120316	-4.39177
-0.124708	-4.39054
-0.129099	-4.38913
-0.133488	-4.38754
-0.137875	-4.38578
-0.142261	-4.38385
-0.146645	-4.38174
-0.151027	-4.37945
-0.155406	-4.377
-0.159783	-4.37436
-0.164157	-4.37155
-0.168529	-4.36857
-0.172898	-4.36541
-0.177263	-4.36208
-0.181625	-4.35857
-0.185984	-4.35489
-0.190339	-4.35103
-0.19469	-4.347
-0.199037	-4.34279
-0.203379	-4.3384
-0.207718	-4.33384
-0.212052	-4.32911
-0.216381	-4.3242
-0.220705	-4.31912
-0.225024	-4.31386
-0.229338	-4.30843
-0.233646	-4.30282
-0.237949	-4.29704
-0.242246	-4.29109
-0.246537	-4.28495
-0.250822	-4.27865
-0.255101	-4.27217
-0.259373	-4.26552
-0.263639	-4.25869
-0.267897	-4.25169
-0.272149	-4.24451
-0.276393	-4.23717
-0.280631	-4.22964
-0.28486	-4.22195
-0.289082	-4.21408
-0.293296	-4.20604
-0.297502	-4.19783
-0.3017	-4.18944
-0.30589	-4.18088
-0.31007	-4.17215
-0.314243	-4.16324
-0.318406	-4.15417
-0.32256	-4.14492
-0.326705	-4.1355
-0.33084	-4.12591
-0.334966	-4.11615
-0.339083	-4.10622
-0.343189	-4.09612
-0.347285	-4.08585
-0.351371	-4.07541
-0.355446	-4.0648
-0.359511	-4.05402
-0.363565	-4.04307
-0.367608	-4.03195
-0.37164	-4.02066
-0.375661	-4.00921
-0.37967	-3.99758
-0.383667	-3.98579
-0.387653	-3.97383
-0.391627	-3.96171
-0.395589	-3.94942
-0.399538	-3.93696
-0.403475	-3.92434
-0.407399	-3.91155
-0.411311	-3.89859
-0.41521	-3.88547
-0.419095	-3.87219
-0.422967	-3.85874
-0.426826	-3.84513
-0.430671	-3.83136
-0.434503	-3.81742
-0.43832	-3.80332
-0.442123	-3.78906
-0.445912	-3.77464
-0.449687	-3.76005
-0.453447	-3.74531
-0.457192	-3.7304
-0.460923	-3.71534
-0.464638	-3.70011
-0.468338	-3.68473
-0.472023	-3.66919
-0.475692	-3.65349
-0.479346	-3.63763
-0.482983	-3.62162
-0.486605	-3.60545
-0.49021	-3.58912
-0.493799	-3.57264
-0.497372	-3.55601
-0.500928	-3.53921
-0.504467	-3.52227
-0.50799	-3.50517
-0.511495	-3.48792
-0.514983	-3.47052
-0.518453	-3.45297
-0.521906	-3.43526
-0.525341	-3.4174
-0.528759	-3.3994
-0.532158	-3.38124
-0.535539	-3.36294
-0.538902	-3.34449
-0.542247	-3.32589
-0.545573	-3.30714
-0.54888	-3.28825
-0.552168	-3.26921
-0.555437	-3.25003
-0.558687	-3.2307
-0.561918	-3.21123
-0.565129	-3.19161
-0.568321	-3.17186
-0.571493	-3.15196
-0.574645	-3.13192
-0.577777	-3.11174
-0.580888	-3.09142
-0.58398	-3.07096
-0.587051	-3.05036
-0.590101	-3.02962
-0.593131	-3.00875
-0.59614	-2.98774
-0.599127	-2.9666
-0.602094	-2.94532
-0.605039	-2.92391
-0.607963	-2.90236
-0.610865	-2.88068
-0.613746	-2.85887
-0.616605	-2.83692
-0.619442	-2.81485
-0.622257	-2.79265
-0.625049	-2.77032
-0.62782	-2.74786
-0.630568	-2.72527
-0.633293	-2.70256
-0.635995	-2.67972
-0.638675	-2.65675
-0.641332	-2.63366
-0.643966	-2.61045
-0.646576	-2.58712
-0.649163	-2.56366
-0.651727	-2.54009
-0.654267	-2.51639
-0.656783	-2.49257
-0.659276	-2.46864
-0.661744	-2.44459
-0.664189	-2.42042
-0.666609	-2.39613
-0.669006	-2.37173
-0.671377	-2.34722
-0.673725	-2.32259
-0.676047	-2.29785
-0.678345	-2.273
-0.680618	-2.24804
-0.682866	-2.22297
-0.685089	-2.19779
-0.687287	-2.1725
-0.689459	-2.1471
-0.691606	-2.1216
-0.693728	-2.096
-0.695824	-2.07029
-0.697894	-2.04447
-0.699939	-2.01856
-0.701957	-1.99254
-0.70395	-1.96642
-0.705916	-1.9402
-0.707856	-1.91389
-0.70977	-1.88747
-0.711658	-1.86096
-0.713519	-1.83436
-0.715353	-1.80765
-0.717161	-1.78086
-0.718942	-1.75397
-0.720696	-1.72699
-0.722423	-1.69992
-0.724123	-1.67276
-0.725795	-1.64551
-0.727441	-1.61818
-0.729059	-1.59075
-0.73065	-1.56324
-0.732213	-1.53565
-0.733749	-1.50797
-0.735257	-1.48021
-0.736737	-1.45237
-0.738189	-1.42444
-0.739614	-1.39644
-0.74101	-1.36836
-0.742378	-1.3402
-0.743719	-1.31196
-0.745031	-1.28365
-0.746314	-1.25527
-0.74757	-1.22681
-0.748796	-1.19828
-0.749995	-1.16967
-0.751164	-1.141
-0.752305	-1.11226
-0.753418	-1.08345
-0.754501	-1.05457
-0.755556	-1.02563
-0.756581	-0.996622
-0.757578	-0.967551
-0.758545	-0.938417
-0.759484	-0.909221
-0.760393	-0.879965
-0.761273	-0.85065
-0.762124	-0.821277
-0.762945	-0.791846
-0.763737	-0.76236
-0.764499	-0.732819
-0.765232	-0.703224
-0.765935	-0.673576
-0.766609	-0.643877
-0.767253	-0.614128
-0.767867	-0.584329
-0.768451	-0.554483
-0.769006	-0.524589
-0.76953	-0.49465
-0.770025	-0.464665
-0.770489	-0.434638
-0.770924	-0.404568
-0.771329	-0.374457
-0.771703	-0.344305
-0.772047	-0.314115
-0.772362	-0.283887
-0.772645	-0.253623
-0.772899	-0.223323
-0.773122	-0.192989
-0.773315	-0.162621
-0.773478	-0.132222
-0.77361	-0.101792
-0.773712	-0.0713328
-0.773783	-0.0408449
-0.773824	-0.0103299
-0.773834	0.0202112
-0.773814	0.0507771
-0.773763	0.0813667
-0.773682	0.111979
-0.77357	0.142612
-0.773428	0.173266
-0.773254	0.203938
-0.77305	0.234628
-0.772816	0.265334
-0.77255	0.296056
-0.772254	0.326792
-0.771928	0.357541
-0.77157	0.388301
-0.771182	0.419072
-0.770763	0.449853
-0.770313	0.480641
-0.769832	0.511436
-0.769321	0.542237
-0.768778	0.573043
-0.768205	0.603851
-0.767602	0.634662
-0.766967	0.665473
-0.766301	0.696284
-0.765605	0.727094
-0.764878	0.7579
-0.76412	0.788703
-0.763331	0.8195
-0.762512	0.850291
-0.761662	0.881074
-0.760781	0.911848
-0.759869	0.942612
-0.758926	0.973364
-0.757953	1.0041
-0.756949	1.03483
-0.755914	1.06554
-0.754848	1.09624
-0.753752	1.12691
-0.752625	1.15757
-0.751468	1.18821
-0.750279	1.21883
-0.749061	1.24942
-0.747811	1.27999
-0.746531	1.31054
-0.745221	1.34106
-0.743879	1.37155
-0.742508	1.40202
-0.741106	1.43245
-0.739673	1.46286
-0.738211	1.49323
-0.736717	1.52357
-0.735194	1.55387
-0.73364	1.58414
-0.732056	1.61437
-0.730441	1.64456
-0.728797	1.67471
-0.727122	1.70482
-0.725417	1.73489
-0.723682	1.76492
-0.721918	1.7949
-0.720123	1.82484
-0.718298	1.85472
-0.716443	1.88457
-0.714559	1.91436
-0.712644	1.9441
-0.7107	1.97379
-0.708726	2.00342
-0.706723	2.03301
-0.70469	2.06253
-0.702627	2.092
-0.700535	2.12142
-0.698414	2.15077
-0.696263	2.18006
-0.694083	2.20929
-0.691874	2.23846
-0.689635	2.26757
-0.687368	2.29661
-0.685071	2.32558
-0.682746	2.35449
-0.680391	2.38332
-0.678008	2.41209
-0.675596	2.44079
-0.673155	2.46941
-0.670685	2.49796
-0.668188	2.52644
-0.665661	2.55484
-0.663106	2.58316
-0.660523	2.61141
-0.657912	2.63957
-0.655272	2.66766
-0.652604	2.69566
-0.649909	2.72358
-0.647185	2.75142
-0.644434	2.77917
-0.641655	2.80683
-0.638848	2.83441
-0.636013	2.8619
-0.633151	2.88929
-0.630262	2.9166
-0.627346	2.94382
-0.624402	2.97094
-0.621431	2.99797
-0.618433	3.0249
-0.615408	3.05173
-0.612356	3.07847
-0.609278	3.10511
-0.606173	3.13164
-0.603041	3.15808
-0.599883	3.18441
-0.596699	3.21064
-0.593488	3.23677
-0.590251	3.26279
-0.586988	3.2887
-0.5837	3.3145
-0.580385	3.3402
-0.577045	3.36578
-0.573679	3.39126
-0.570288	3.41662
-0.566871	3.44187
-0.563429	3.467
-0.559962	3.49202
-0.55647	3.51692
-0.552953	3.5417
-0.549412	3.56636
-0.545845	3.5909
-0.542255	3.61533
-0.538639	3.63963
-0.535	3.6638
-0.531336	3.68785
-0.527648	3.71178
-0.523936	3.73558
-0.520201	3.75925
-0.516441	3.7828
-0.512658	3.80621
-0.508852	3.8295
-0.505023	3.85265
-0.50117	3.87567
-0.497294	3.89855
-0.493396	3.9213
-0.489475	3.94392
-0.485531	3.9664
-0.481564	3.98874
-0.477576	4.01094
-0.473565	4.03301
-0.469532	4.05493
-0.465477	4.07671
-0.4614	4.09835
-0.457302	4.11984
-0.453182	4.14119
-0.449041	4.16239
-0.444878	4.18345
-0.440695	4.20436
-0.43649	4.22512
-0.432265	4.24573
-0.42802	4.2662
-0.423753	4.28651
-0.419467	4.30666
-0.41516	4.32667
-0.410833	4.34652
-0.406487	4.36622
-0.402121	4.38576
-0.397735	4.40514
-0.39333	4.42437
-0.388905	4.44343
-0.384462	4.46234
-0.38	4.48109
-0.375519	4.49968
-0.371019	4.5181
-0.366501	4.53636
-0.361964	4.55446
-0.35741	4.57239
-0.352838	4.59016
-0.348247	4.60776
-0.34364	4.6252
-0.339015	4.64247
-0.334372	4.65956
-0.329712	4.67649
-0.325036	4.69325
-0.320343	4.70984
-0.315633	4.72625
-0.310907	4.74249
-0.306164	4.75856
-0.301406	4.77445
-0.296631	4.79017
-0.291841	4.80571
-0.287035	4.82108
-0.282214	4.83627
-0.277378	4.85128
-0.272527	4.86611
-0.267661	4.88076
-0.26278	4.89523
-0.257885	4.90952
-0.252975	4.92363
-0.248051	4.93756
-0.243114	4.9513
-0.238163	4.96486
-0.233198	4.97823
-0.228219	4.99142
-0.223228	5.00443
-0.218224	5.01724
-0.213206	5.02987
-0.208176	5.04231
-0.203134	5.05456
-0.19808	5.06663
-0.193013	5.0785
-0.187934	5.09018
-0.182844	5.10167
-0.177743	5.11297
-0.17263	5.12408
-0.167506	5.135
-0.162371	5.14572
-0.157225	5.15624
-0.152069	5.16658
-0.146902	5.17671
-0.141725	5.18665
-0.136539	5.1964
-0.131342	5.20595
-0.126136	5.2153
-0.120921	5.22445
-0.115697	5.2334
-0.110463	5.24215
-0.105221	5.25071
-0.0999703	5.25906
-0.0947112	5.26722
-0.089444	5.27517
-0.0841688	5.28292
-0.0788859	5.29047
-0.0735954	5.29782
-0.0682976	5.30496
-0.0629927	5.3119
-0.0576808	5.31864
-0.0523621	5.32517
-0.0470369	5.3315
-0.0417054	5.33762
-0.0363678	5.34354
-0.0310243	5.34925
-0.025675	5.35475
-0.0203203	5.36005
-0.0149602	5.36514
-0.00959511	5.37002
-0.00422509	5.3747
0.00114961	5.37916
0.00652877	5.38342
0.0119122	5.38747
0.0172997	5.39131
0.022691	5.39494
0.0280859	5.39836
0.0334843	5.40157
0.0388858	5.40457
0.0442904	5.40736
0.0496978	5.40993
0.0551077	5.4123
0.06052	5.41445
0.0659345	5.4164
0.0713509	5.41813
0.076769	5.41965
0.0821886	5.42095
0.0876096	5.42204
0.0930316	5.42292
0.0984545	5.42359
0.103878	5.42404
0.109302	5.42428
0.114726	5.4243
0.120151	5.42411
0.125575	5.42371
0.130999	5.42309
0.136422	5.42226
0.141844	5.42121
0.147265	5.41995
0.152685	5.41847
0.158104	5.41677
0.16352	5.41487
0.168935	5.41274
0.174348	5.4104
0.179758	5.40785
0.185166	5.40508
0.190571	5.40209
0.195973	5.39889
0.201372	5.39547
0.206768	5.39184
0.21216	5.38799
0.217548	5.38392
0.222931	5.37964
0.228311	5.37515
0.233686	5.37043
0.239057	5.3655
0.244422	5.36036
0.249783	5.355
0.255138	5.34942
0.260487	5.34363
0.265831	5.33762
0.271168	5.33139
0.2765	5.32495
0.281825	5.3183
0.287143	5.31143
0.292454	5.30434
0.297759	5.29704
0.303056	5.28952
0.308345	5.28179
0.313627	5.27384
0.318901	5.26568
0.324166	5.2573
0.329424	5.24871
0.334672	5.2399
0.339912	5.23088
0.345143	5.22165
0.350365	5.2122
0.355577	5.20254
0.36078	5.19266
0.365972	5.18257
0.371155	5.17227
0.376327	5.16176
0.381489	5.15103
0.38664	5.14009
0.39178	5.12894
0.396909	5.11757
0.402027	5.106
0.407133	5.09421
0.412227	5.08221
0.417309	5.07001
0.422379	5.05759
0.427437	5.04496
0.432482	5.03212
0.437514	5.01907
0.442533	5.00581
0.447539	4.99235
0.452531	4.97867
0.45751	4.96479
0.462474	4.9507
0.467425	4.93641
0.472361	4.9219
0.477283	4.90719
0.482191	4.89227
0.487083	4.87715
0.49196	4.86182
0.496822	4.84629
0.501668	4.83056
0.506499	4.81461
0.511313	4.79847
0.516112	4.78212
0.520894	4.76557
0.525659	4.74882
0.530408	4.73187
0.53514	4.71472
0.539855	4.69736
0.544552	4.67981
0.549232	4.66205
0.553894	4.6441
0.558538	4.62595
0.563164	4.6076
0.567772	4.58905
0.572361	4.57031
0.576931	4.55137
0.581482	4.53223
0.586015	4.5129
0.590528	4.49338
0.595021	4.47366
0.599495	4.45375
0.603948	4.43364
0.608382	4.41335
0.612795	4.39286
0.617188	4.37218
0.62156	4.35131
0.625912	4.33026
0.630242	4.30901
0.634551	4.28758
0.638839	4.26596
0.643104	4.24415
0.647349	4.22216
0.651571	4.19998
0.655771	4.17761
0.659948	4.15507
0.664103	4.13234
0.668236	4.10943
0.672345	4.08633
0.676432	4.06306
0.680495	4.0396
0.684534	4.01597
0.68855	3.99216
0.692542	3.96817
0.696511	3.944
0.700455	3.91966
0.704374	3.89515
0.708269	3.87045
0.71214	3.84559
0.715985	3.82055
0.719806	3.79534
0.723601	3.76996
0.727371	3.74441
0.731116	3.71869
0.734834	3.6928
0.738527	3.66675
0.742194	3.64052
0.745834	3.61414
0.749449	3.58758
0.753036	3.56087
0.756597	3.53399
0.760131	3.50694
0.763638	3.47974
0.767118	3.45238
0.77057	3.42485
0.773995	3.39717
0.777392	3.36933
0.780761	3.34134
0.784103	3.31319
0.787416	3.28489
0.790701	3.25643
0.793957	3.22782
0.797185	3.19906
0.800384	3.17014
0.803554	3.14108
0.806695	3.11187
0.809807	3.08251
0.81289	3.05301
0.815943	3.02336
0.818966	2.99357
0.82196	2.96363
0.824923	2.93355
0.827857	2.90333
0.83076	2.87297
0.833633	2.84247
0.836476	2.81184
0.839287	2.78106
0.842069	2.75015
0.844819	2.71911
0.847538	2.68793
0.850226	2.65662
0.852882	2.62518
0.855508	2.59361
0.858101	2.56192
0.860663	2.53009
0.863193	2.49813
0.865691	2.46606
0.868157	2.43385
0.870591	2.40153
0.872993	2.36908
0.875362	2.33651
0.877698	2.30382
0.880002	2.27101
0.882273	2.23809
0.884511	2.20505
0.886716	2.17189
0.888888	2.13862
0.891027	2.10524
0.893132	2.07175
0.895204	2.03815
0.897242	2.00444
0.899246	1.97062
0.901217	1.9367
0.903154	1.90267
0.905056	1.86853
0.906925	1.8343
0.908759	1.79996
0.910559	1.76553
0.912325	1.73099
0.914056	1.69636
0.915752	1.66163
0.917414	1.62681
0.91904	1.59189
0.920632	1.55688
0.922189	1.52178
0.923711	1.48659
0.925198	1.45132
0.926649	1.41595
0.928065	1.3805
0.929445	1.34497
0.93079	1.30935
0.9321	1.27365
0.933373	1.23787
0.934611	1.20201
0.935813	1.16608
0.936979	1.13007
0.938109	1.09398
0.939203	1.05782
0.940261	1.02159
0.941283	0.985287
0.942268	0.948914
0.943217	0.912474
0.944129	0.875968
0.945005	0.839396
0.945845	0.80276
0.946648	0.766062
0.947414	0.729302
0.948143	0.692483
0.948835	0.655606
0.949491	0.618672
0.95011	0.581683
0.950691	0.544639
0.951236	0.507543
0.951744	0.470396
0.952214	0.433199
0.952647	0.395953
0.953043	0.358661
0.953402	0.321324
0.953723	0.283942
0.954007	0.246517
0.954254	0.209052
0.954463	0.171547
0.954634	0.134003
0.954768	0.0964232
0.954865	0.0588076
0.954923	0.0211581
0.954945	-0.0165239
0.954928	-0.0542368
0.954874	-0.0919792
0.954782	-0.12975
0.954652	-0.167547
0.954484	-0.205369
0.954279	-0.243215
0.954036	-0.281083
0.953755	-0.318971
0.953436	-0.356879
0.953079	-0.394805
0.952684	-0.432747
0.952251	-0.470704
0.951781	-0.508674
0.951272	-0.546655
0.950725	-0.584647
0.950141	-0.622648
0.949518	-0.660656
0.948857	-0.69867
0.948159	-0.736689
0.947422	-0.77471
0.946647	-0.812732
0.945835	-0.850755
0.944984	-0.888775
0.944095	-0.926793
0.943168	-0.964806
0.942204	-1.00281
0.941201	-1.04081
0.94016	-1.0788
0.939081	-1.11678
0.937964	-1.15475
0.93681	-1.1927
0.935617	-1.23064
0.934386	-1.26856
0.933118	-1.30646
0.931811	-1.34435
0.930467	-1.38221
0.929085	-1.42005
0.927665	-1.45786
0.926207	-1.49565
0.924711	-1.53341
0.923178	-1.57114
0.921607	-1.60885
0.919998	-1.64652
0.918351	-1.68416
0.916667	-1.72176
0.914945	-1.75932
0.913186	-1.79685
0.911389	-1.83434
0.909555	-1.87179
0.907683	-1.90919
0.905774	-1.94655
0.903827	-1.98387
0.901843	-2.02114
0.899822	-2.05836
0.897764	-2.09553
0.895668	-2.13265
0.893536	-2.16971
0.891366	-2.20672
0.889159	-2.24368
0.886916	-2.28058
0.884635	-2.31742
0.882318	-2.35419
0.879963	-2.39091
0.877572	-2.42756
0.875145	-2.46415
0.872681	-2.50067
0.87018	-2.53712
0.867643	-2.57351
0.865069	-2.60982
0.86246	-2.64606
0.859814	-2.68222
0.857131	-2.71831
0.854413	-2.75432
0.851659	-2.79026
0.848868	-2.82611
0.846042	-2.86189
0.84318	-2.89758
0.840283	-2.93318
0.83735	-2.9687
0.834381	-3.00413
0.831377	-3.03948
0.828337	-3.07473
0.825263	-3.10989
0.822153	-3.14496
0.819008	-3.17993
0.815828	-3.21481
0.812613	-3.24959
0.809363	-3.28427
0.806079	-3.31885
0.80276	-3.35333
0.799407	-3.3877
0.796019	-3.42197
0.792597	-3.45613
0.789141	-3.49019
0.785651	-3.52414
0.782127	-3.55797
0.778569	-3.59169
0.774977	-3.6253
0.771352	-3.6588
0.767693	-3.69218
0.764001	-3.72544
0.760275	-3.75858
0.756517	-3.7916
0.752725	-3.8245
0.748901	-3.85728
0.745044	-3.88993
0.741154	-3.92245
0.737231	-3.95485
0.733276	-3.98712
0.729289	-4.01926
0.72527	-4.05127
0.721219	-4.08314
0.717135	-4.11488
0.713021	-4.14648
0.708874	-4.17795
0.704696	-4.20928
0.700487	-4.24046
0.696246	-4.27151
0.691975	-4.30241
0.687673	-4.33317
0.683339	-4.36379
0.678976	-4.39426
0.674581	-4.42458
0.670157	-4.45475
0.665702	-4.48477
0.661217	-4.51464
0.656703	-4.54435
0.652158	-4.57391
0.647584	-4.60332
0.642981	-4.63257
0.638348	-4.66166
0.633687	-4.69059
0.628996	-4.71936
0.624277	-4.74796
0.619529	-4.77641
0.614752	-4.80469
0.609948	-4.8328
0.605115	-4.86075
0.600254	-4.88852
0.595366	-4.91613
0.59045	-4.94357
0.585506	-4.97083
0.580535	-4.99792
0.575537	-5.02484
0.570512	-5.05158
0.565461	-5.07815
0.560383	-5.10453
0.555278	-5.13074
0.550147	-5.15677
0.544991	-5.18261
0.539808	-5.20827
0.5346	-5.23375
0.529366	-5.25904
0.524107	-5.28415
0.518823	-5.30907
0.513514	-5.33379
0.50818	-5.35833
0.502822	-5.38268
0.497439	-5.40684
0.492032	-5.4308
0.486601	-5.45457
0.481147	-5.47815
0.475669	-5.50152
0.470167	-5.5247
0.464642	-5.54769
0.459095	-5.57047
0.453524	-5.59305
0.447931	-5.61543
0.442316	-5.6376
0.436678	-5.65957
0.431019	-5.68134
0.425337	-5.7029
0.419634	-5.72426
0.41391	-5.7454
0.408165	-5.76634
0.402398	-5.78707
0.396611	-5.80758
0.390804	-5.82789
0.384976	-5.84798
0.379128	-5.86785
0.37326	-5.88751
0.367372	-5.90696
0.361465	-5.92619
0.355539	-5.9452
0.349594	-5.96399
0.34363	-5.98256
0.337648	-6.00092
0.331647	-6.01905
0.325628	-6.03696
0.319591	-6.05464
0.313536	-6.0721
0.307464	-6.08934
0.301375	-6.10635
0.295268	-6.12313
0.289145	-6.13968
0.283005	-6.15601
0.276849	-6.17211
0.270677	-6.18798
0.264489	-6.20361
0.258286	-6.21902
0.252067	-6.23419
0.245832	-6.24913
0.239583	-6.26383
0.233319	-6.2783
0.227041	-6.29253
0.220749	-6.30653
0.214442	-6.32029
0.208122	-6.33381
0.201788	-6.3471
0.195441	-6.36014
0.189081	-6.37294
0.182708	-6.38551
0.176322	-6.39783
0.169924	-6.40991
0.163515	-6.42174
0.157093	-6.43334
0.15066	-6.44469
0.144215	-6.45579
0.137759	-6.46665
0.131292	-6.47726
0.124815	-6.48762
0.118327	-6.49774
0.11183	-6.50761
0.105322	-6.51723
0.0988049	-6.5266
0.0922783	-6.53573
0.0857426	-6.5446
0.079198	-6.55322
0.0726448	-6.56159
0.0660832	-6.5697
0.0595135	-6.57757
0.0529359	-6.58518
0.0463507	-6.59254
0.0397582	-6.59964
0.0331585	-6.60649
0.026552	-6.61309
0.019939	-6.61943
0.0133195	-6.62551
0.00669403	-6.63133
6.26969e-05	-6.6369
-0.00657421	-6.64222
-0.0132164	-6.64727
-0.0198637	-6.65207
-0.0265158	-6.6566
-0.0331724	-6.66088
-0.0398332	-6.6649
-0.0464981	-6.66866
-0.0531668	-6.67216
-0.059839	-6.6754
-0.0665144	-6.67838
-0.0731927	-6.68109
-0.0798738	-6.68355
-0.0865574	-6.68574
-0.0932431	-6.68767
-0.0999308	-6.68934
-0.10662	-6.69075
-0.113311	-6.69189
-0.120003	-6.69277
-0.126696	-6.69339
-0.133389	-6.69374
-0.140083	-6.69383
-0.146777	-6.69366
-0.15347	-6.69322
-0.160163	-6.69251
-0.166856	-6.69154
-0.173547	-6.69031
-0.180238	-6.68881
-0.186927	-6.68705
-0.193614	-6.68502
-0.200299	-6.68272
-0.206981	-6.68016
-0.213661	-6.67733
-0.220339	-6.67424
-0.227013	-6.67088
-0.233684	-6.66725
-0.240351	-6.66336
-0.247015	-6.6592
-0.253674	-6.65478
-0.260329	-6.65009
-0.266979	-6.64513
-0.273624	-6.63991
-0.280264	-6.63442
-0.286898	-6.62866
-0.293527	-6.62264
-0.300149	-6.61635
-0.306766	-6.60979
-0.313376	-6.60297
-0.319978	-6.59588
-0.326574	-6.58852
-0.333163	-6.5809
-0.339744	-6.57301
-0.346317	-6.56486
-0.352882	-6.55644
-0.359438	-6.54775
-0.365986	-6.5388
-0.372525	-6.52958
-0.379054	-6.5201
-0.385574	-6.51035
-0.392085	-6.50034
-0.398585	-6.49006
-0.405075	-6.47952
-0.411555	-6.46871
-0.418023	-6.45764
-0.424481	-6.4463
-0.430927	-6.4347
-0.437362	-6.42283
-0.443785	-6.41071
-0.450195	-6.39831
-0.456594	-6.38566
-0.462979	-6.37274
-0.469352	-6.35956
-0.475712	-6.34612
-0.482058	-6.33242
-0.48839	-6.31845
-0.494709	-6.30423
-0.501013	-6.28974
-0.507303	-6.27499
-0.513578	-6.25999
-0.519838	-6.24472
-0.526082	-6.22919
-0.532312	-6.21341
-0.538525	-6.19736
-0.544722	-6.18106
-0.550903	-6.1645
-0.557068	-6.14768
-0.563216	-6.13061
-0.569346	-6.11328
-0.57546	-6.09569
-0.581555	-6.07785
-0.587633	-6.05975
-0.593693	-6.0414
-0.599734	-6.0228
-0.605757	-6.00394
-0.611761	-5.98483
-0.617746	-5.96546
-0.623711	-5.94585
-0.629657	-5.92598
-0.635583	-5.90587
-0.641489	-5.8855
-0.647374	-5.86488
-0.653239	-5.84402
-0.659083	-5.8229
-0.664906	-5.80154
-0.670708	-5.77993
-0.676488	-5.75808
-0.682246	-5.73598
-0.687982	-5.71363
-0.693695	-5.69104
-0.699386	-5.66821
-0.705055	-5.64514
-0.7107	-5.62182
-0.716322	-5.59826
-0.72192	-5.57446
-0.727494	-5.55042
-0.733045	-5.52614
-0.738571	-5.50162
-0.744073	-5.47686
-0.749549	-5.45187
-0.755001	-5.42664
-0.760428	-5.40117
-0.765829	-5.37547
-0.771205	-5.34954
-0.776554	-5.32337
-0.781877	-5.29698
-0.787174	-5.27035
-0.792445	-5.24349
-0.797688	-5.2164
-0.802905	-5.18908
-0.808094	-5.16153
-0.813255	-5.13376
-0.818389	-5.10576
-0.823495	-5.07754
-0.828572	-5.04909
-0.833621	-5.02042
-0.838642	-4.99152
-0.843633	-4.96241
-0.848596	-4.93307
-0.853529	-4.90352
-0.858432	-4.87374
-0.863306	-4.84375
-0.86815	-4.81355
-0.872963	-4.78312
-0.877746	-4.75249
-0.882499	-4.72164
-0.887221	-4.69057
-0.891911	-4.6593
-0.89657	-4.62782
-0.901198	-4.59612
-0.905794	-4.56422
-0.910359	-4.53212
-0.914891	-4.4998
-0.919391	-4.46728
-0.923858	-4.43456
-0.928292	-4.40164
-0.932694	-4.36851
-0.937063	-4.33518
-0.941398	-4.30166
-0.945699	-4.26793
-0.949967	-4.23401
-0.954201	-4.1999
-0.958401	-4.16559
-0.962567	-4.13108
-0.966698	-4.09639
-0.970794	-4.0615
-0.974856	-4.02642
-0.978882	-3.99116
-0.982873	-3.95571
-0.986829	-3.92007
-0.990749	-3.88425
-0.994633	-3.84824
-0.998482	-3.81205
-1.00229	-3.77569
-1.00607	-3.73914
-1.00981	-3.70241
-1.01351	-3.66551
-1.01718	-3.62843
-1.0208	-3.59117
-1.0244	-3.55375
-1.02795	-3.51615
-1.03147	-3.47838
-1.03494	-3.44044
-1.03838	-3.40234
-1.04179	-3.36406
-1.04515	-3.32563
-1.04848	-3.28703
-1.05176	-3.24826
-1.05501	-3.20934
-1.05822	-3.17026
-1.06139	-3.13102
-1.06452	-3.09162
-1.06761	-3.05207
-1.07067	-3.01236
-1.07368	-2.9725
-1.07665	-2.93249
-1.07958	-2.89234
-1.08248	-2.85203
-1.08533	-2.81158
-1.08814	-2.77098
-1.09091	-2.73024
-1.09364	-2.68935
-1.09633	-2.64833
-1.09898	-2.60717
-1.10159	-2.56587
-1.10415	-2.52443
-1.10668	-2.48286
-1.10916	-2.44116
-1.1116	-2.39932
-1.114	-2.35736
-1.11636	-2.31526
-1.11867	-2.27304
-1.12095	-2.2307
-1.12318	-2.18823
-1.12536	-2.14564
-1.12751	-2.10293
-1.12961	-2.0601
-1.13167	-2.01715
-1.13369	-1.97409
-1.13566	-1.93091
-1.13759	-1.88762
-1.13948	-1.84422
-1.14133	-1.80071
-1.14313	-1.7571
-1.14488	-1.71337
-1.1466	-1.66955
-1.14827	-1.62561
-1.14989	-1.58158
-1.15147	-1.53745
-1.15301	-1.49322
-1.15451	-1.4489
-1.15595	-1.40448
-1.15736	-1.35997
-1.15872	-1.31537
-1.16003	-1.27067
-1.1613	-1.22589
-1.16253	-1.18103
-1.16371	-1.13608
-1.16485	-1.09105
-1.16594	-1.04593
-1.16698	-1.00074
-1.16799	-0.95547
-1.16894	-0.910124
-1.16985	-0.864704
-1.17072	-0.819212
-1.17153	-0.77365
-1.17231	-0.728018
-1.17304	-0.68232
-1.17372	-0.636556
-1.17436	-0.590729
-1.17495	-0.54484
-1.17549	-0.49889
-1.17599	-0.452883
-1.17644	-0.406819
-1.17685	-0.3607
-1.17721	-0.314529
-1.17752	-0.268306
-1.17779	-0.222034
-1.17802	-0.175714
-1.17819	-0.129348
-1.17832	-0.0829388
-1.1784	-0.036487
-1.17844	0.0100054
-1.17843	0.0565363
-1.17837	0.103104
-1.17827	0.149707
-1.17812	0.196343
-1.17792	0.24301
-1.17768	0.289707
-1.17739	0.336432
-1.17705	0.383183
-1.17667	0.429957
-1.17624	0.476755
-1.17576	0.523572
-1.17524	0.570408
-1.17467	0.617261
-1.17405	0.664129
-1.17339	0.71101
-1.17268	0.757903
-1.17192	0.804805
-1.17112	0.851714
-1.17026	0.898629
-1.16937	0.945548
-1.16842	0.992469
-1.16743	1.03939
-1.16639	1.08631
-1.1653	1.13323
-1.16417	1.18014
-1.16299	1.22704
-1.16176	1.27394
-1.16049	1.32082
-1.15917	1.36769
-1.1578	1.41455
-1.15638	1.46139
-1.15492	1.50821
-1.15341	1.55501
-1.15186	1.60179
-1.15026	1.64854
-1.14861	1.69527
-1.14691	1.74197
-1.14517	1.78865
-1.14338	1.83529
-1.14155	1.88189
-1.13967	1.92846
-1.13774	1.975
-1.13576	2.0215
-1.13374	2.06795
-1.13167	2.11436
-1.12956	2.16073
-1.1274	2.20705
-1.12519	2.25333
-1.12294	2.29955
-1.12064	2.34572
-1.11829	2.39184
-1.1159	2.4379
-1.11346	2.48391
-1.11098	2.52985
-1.10845	2.57573
-1.10587	2.62156
-1.10325	2.66731
-1.10058	2.713
-1.09787	2.75862
-1.09511	2.80417
-1.09231	2.84964
-1.08946	2.89505
-1.08656	2.94037
-1.08362	2.98562
-1.08064	3.03079
-1.07761	3.07588
-1.07453	3.12088
-1.07141	3.1658
-1.06824	3.21063
-1.06503	3.25537
-1.06178	3.30002
-1.05848	3.34458
-1.05513	3.38904
-1.05175	3.4334
-1.04831	3.47767
-1.04483	3.52184
-1.04131	3.56591
-1.03775	3.60987
-1.03414	3.65372
-1.03048	3.69747
-1.02679	3.74111
-1.02304	3.78464
-1.01926	3.82806
-1.01543	3.87136
-1.01156	3.91454
-1.00765	3.95761
-1.00369	4.00056
-0.999687	4.04338
-0.995644	4.08608
-0.991558	4.12866
-0.987429	4.17111
-0.983258	4.21342
-0.979045	4.25561
-0.974789	4.29767
-0.970491	4.33959
-0.966152	4.38137
-0.961771	4.42302
-0.957347	4.46453
-0.952883	4.5059
-0.948377	4.54712
-0.94383	4.5882
-0.939242	4.62913
-0.934613	4.66991
-0.929943	4.71054
-0.925232	4.75103
-0.920481	4.79135
-0.91569	4.83153
-0.910858	4.87154
-0.905987	4.9114
-0.901075	4.95109
-0.896124	4.99063
-0.891134	5.03
-0.886104	5.0692
-0.881034	5.10824
-0.875926	5.14711
-0.870779	5.1858
-0.865593	5.22433
-0.860369	5.26268
-0.855106	5.30086
-0.849805	5.33886
-0.844467	5.37668
-0.83909	5.41432
-0.833676	5.45177
-0.828224	5.48905
-0.822735	5.52614
-0.817209	5.56304
-0.811646	5.59975
-0.806046	5.63627
-0.80041	5.6726
-0.794737	5.70874
-0.789028	5.74468
-0.783283	5.78043
-0.777503	5.81597
-0.771687	5.85132
-0.765836	5.88647
-0.759949	5.92141
-0.754028	5.95615
-0.748072	5.99068
-0.742081	6.02501
-0.736056	6.05912
-0.729997	6.09303
-0.723904	6.12672
-0.717777	6.1602
-0.711617	6.19347
-0.705424	6.22652
-0.699197	6.25935
-0.692938	6.29196
-0.686646	6.32435
-0.680321	6.35651
-0.673965	6.38846
-0.667576	6.42017
-0.661156	6.45167
-0.654705	6.48293
-0.648222	6.51396
-0.641708	6.54476
-0.635163	6.57533
-0.628588	6.60567
-0.621982	6.63577
-0.615346	6.66563
-0.60868	6.69526
-0.601985	6.72464
-0.595261	6.75379
-0.588507	6.78269
-0.581724	6.81135
-0.574913	6.83977
-0.568073	6.86793
-0.561205	6.89585
-0.554309	6.92353
-0.547386	6.95095
-0.540435	6.97812
-0.533457	7.00504
-0.526452	7.0317
-0.51942	7.05811
-0.512362	7.08426
-0.505277	7.11016
-0.498167	7.13579
-0.491032	7.16117
-0.48387	7.18628
-0.476684	7.21113
-0.469473	7.23572
-0.462237	7.26004
-0.454977	7.2841
-0.447693	7.30789
-0.440385	7.33141
-0.433054	7.35466
-0.425699	7.37764
-0.418321	7.40035
-0.410921	7.42278
-0.403498	7.44495
-0.396053	7.46683
-0.388587	7.48844
-0.381098	7.50977
-0.373588	7.53082
-0.366058	7.5516
-0.358506	7.57209
-0.350934	7.5923
-0.343342	7.61223
-0.335729	7.63187
-0.328097	7.65123
-0.320446	7.67031
-0.312776	7.68909
-0.305087	7.70759
-0.297379	7.7258
-0.289653	7.74372
-0.28191	7.76135
-0.274148	7.77869
-0.26637	7.79574
-0.258574	7.81249
-0.250761	7.82895
-0.242932	7.84511
-0.235087	7.86098
-0.227226	7.87655
-0.21935	7.89182
-0.211458	7.90679
-0.203551	7.92147
-0.19563	7.93584
-0.187694	7.94991
-0.179744	7.96368
-0.17178	7.97715
-0.163803	7.99031
-0.155813	8.00317
-0.14781	8.01572
-0.139794	8.02797
-0.131766	8.03991
-0.123726	8.05155
-0.115675	8.06287
-0.107612	8.07389
