0.01	0.995734
0.02	0.983326
0.03	0.963864
0.04	0.93894
0.05	0.910391
0.06	0.880049
0.07	0.849561
0.08	0.820292
0.09	0.793287
0.1	0.769301
0.11	0.748841
0.12	0.732225
0.13	0.719634
0.14	0.711159
0.15	0.706828
0.16	0.706634
0.17	0.71054
0.18	0.718483
0.19	0.730362
0.2	0.746023
0.21	0.765234
0.22	0.787648
0.23	0.812772
0.24	0.839931
0.25	0.868248
0.26	0.896639
0.27	0.923857
0.28	0.948563
0.29	0.969454
0.3	0.985413
0.31	0.995661
0.32	0.99987
0.33	0.998205
0.34	0.991296
0.35	0.980127
0.36	0.9659
0.37	0.949885
0.38	0.9333
0.39	0.917226
0.4	0.902565
0.41	0.890025
0.42	0.880132
0.43	0.873248
0.44	0.86959
0.45	0.869252
0.46	0.872212
0.47	0.878339
0.48	0.887387
0.49	0.898989
0.5	0.912646
0.51	0.927719
0.52	0.943432
0.53	0.958891
0.54	0.973121
0.55	0.985137
0.56	0.994027
0.57	0.999049
0.58	0.999724
0.59	0.995896
0.6	0.987758
0.61	0.975818
0.62	0.960839
0.63	0.943737
0.64	0.925493
0.65	0.907062
0.66	0.88931
0.67	0.872984
0.68	0.85869
0.69	0.8469
0.7	0.837961
0.71	0.832111
0.72	0.829494
0.73	0.83017
0.74	0.834119
0.75	0.84124
0.76	0.851349
0.77	0.864161
0.78	0.879277
0.79	0.896176
0.8	0.9142
0.81	0.932566
0.82	0.95038
0.83	0.966692
0.84	0.980555
0.85	0.991122
0.86	0.997731
0.87	0.999991
0.88	0.997831
0.89	0.991509
0.9	0.981576
0.91	0.968805
0.92	0.954099
0.93	0.938405
0.94	0.922632
0.95	0.9076
0.96	0.89401
0.97	0.882427
0.98	0.873285
0.99	0.866898
1	0.863467
1.01	0.863094
1.02	0.865785
1.03	0.871455
1.04	0.87992
1.05	0.89089
1.06	0.903958
1.07	0.918595
1.08	0.93414
1.09	0.949817
1.1	0.964756
1.11	0.978044
1.12	0.988793
1.13	0.996224
1.14	0.999753
1.15	0.999064
1.16	0.994147
1.17	0.985306
1.18	0.973112
1.19	0.95834
1.2	0.941874
1.21	0.924632
1.22	0.907487
1.23	0.891223
1.24	0.876507
1.25	0.863879
1.26	0.853753
1.27	0.846433
1.28	0.842121
1.29	0.840928
1.3	0.842885
1.31	0.847942
1.32	0.855965
1.33	0.866728
1.34	0.879902
1.35	0.895042
1.36	0.911579
1.37	0.928817
1.38	0.945949
1.39	0.962085
1.4	0.976311
1.41	0.987761
1.42	0.9957
1.43	0.999614
1.44	0.999269
1.45	0.994742
1.46	0.986415
1.47	0.974918
1.48	0.961058
1.49	0.945731
1.5	0.929841
1.51	0.914235
1.52	0.899663
1.53	0.886751
1.54	0.876001
1.55	0.86779
1.56	0.862385
1.57	0.859947
1.58	0.860549
1.59	0.864171
1.6	0.870704
1.61	0.879944
1.62	0.891579
1.63	0.905185
1.64	0.920211
1.65	0.935985
1.66	0.951721
1.67	0.966549
1.68	0.97957
1.69	0.989926
1.7	0.996878
1.71	0.999895
1.72	0.998718
1.73	0.993392
1.74	0.984264
1.75	0.971935
1.76	0.957188
1.77	0.940906
1.78	0.923988
1.79	0.907285
1.8	0.891555
1.81	0.877436
1.82	0.865444
1.83	0.855972
1.84	0.849306
1.85	0.845631
1.86	0.845044
1.87	0.847561
1.88	0.853117
1.89	0.861558
1.9	0.87264
1.91	0.886011
1.92	0.901203
1.93	0.917624
1.94	0.934558
1.95	0.951187
1.96	0.966621
1.97	0.979963
1.98	0.99038
1.99	0.99719
2	0.999942
2.01	0.998471
2.02	0.992922
2.03	0.983726
2.04	0.971553
2.05	0.957222
2.06	0.941629
2.07	0.92566
2.08	0.910137
2.09	0.895778
2.1	0.883182
2.11	0.872821
2.12	0.865048
2.13	0.860108
2.14	0.858148
2.15	0.859224
2.16	0.863304
2.17	0.870267
2.18	0.879899
2.19	0.891876
2.2	0.905762
2.21	0.920998
2.22	0.936899
2.23	0.952675
2.24	0.967455
2.25	0.980345
2.26	0.990499
2.27	0.997201
2.28	0.999947
2.29	0.998506
2.3	0.992953
2.31	0.983659
2.32	0.97124
2.33	0.95649
2.34	0.940288
2.35	0.923529
2.36	0.90705
2.37	0.891596
2.38	0.877793
2.39	0.866142
2.4	0.857027
2.41	0.850721
2.42	0.847402
2.43	0.847158
2.44	0.849996
2.45	0.855841
2.46	0.864529
2.47	0.875803
2.48	0.889299
2.49	0.904533
2.5	0.9209
2.51	0.937672
2.52	0.954022
2.53	0.969063
2.54	0.981905
2.55	0.991736
2.56	0.997902
2.57	0.99999
2.58	0.997876
2.59	0.991741
2.6	0.982048
2.61	0.969486
2.62	0.954887
2.63	0.939141
2.64	0.923128
2.65	0.907656
2.66	0.893425
2.67	0.881017
2.68	0.870888
2.69	0.863379
2.7	0.858721
2.71	0.857052
2.72	0.858418
2.73	0.862781
2.74	0.870012
2.75	0.879888
2.76	0.892081
2.77	0.906145
2.78	0.921514
2.79	0.937498
2.8	0.9533
2.81	0.968048
2.82	0.980852
2.83	0.990874
2.84	0.997409
2.85	0.999972
2.86	0.998351
2.87	0.992641
2.88	0.983227
2.89	0.970738
2.9	0.955973
2.91	0.939812
2.92	0.923145
2.93	0.906803
2.94	0.891523
2.95	0.877921
2.96	0.866492
2.97	0.85761
2.98	0.851543
2.99	0.848461
3	0.848448
3.01	0.851504
3.02	0.857547
3.03	0.866407
3.04	0.877818
3.05	0.891405
3.06	0.906676
3.07	0.923014
3.08	0.939684
3.09	0.955855
3.1	0.970637
3.11	0.983148
3.12	0.992587
3.13	0.998322
3.14	0.999965
3.15	0.997418
3.16	0.990889
3.17	0.980862
3.18	0.968039
3.19	0.953259
3.2	0.937412
3.21	0.921372
3.22	0.905936
3.23	0.891796
3.24	0.87952
3.25	0.869555
3.26	0.862231
3.27	0.857773
3.28	0.85631
3.29	0.857883
3.3	0.862448
3.31	0.869872
3.32	0.879925
3.33	0.892274
3.34	0.906467
3.35	0.921932
3.36	0.937974
3.37	0.953792
3.38	0.968513
3.39	0.981249
3.4	0.991165
3.41	0.997569
3.42	0.999986
3.43	0.998221
3.44	0.992382
3.45	0.982867
3.46	0.970314
3.47	0.955526
3.48	0.939386
3.49	0.922778
3.5	0.906532
3.51	0.891376
3.52	0.877921
3.53	0.866654
3.54	0.857947
3.55	0.852059
3.56	0.849158
3.57	0.849322
3.58	0.852547
3.59	0.858744
3.6	0.86774
3.61	0.87926
3.62	0.892923
3.63	0.908229
3.64	0.924552
3.65	0.941153
3.66	0.957194
3.67	0.971786
3.68	0.984049
3.69	0.993196
3.7	0.998608
3.71	0.999915
3.72	0.997042
3.73	0.990215
3.74	0.979936
3.75	0.966917
3.76	0.952
3.77	0.936079
3.78	0.920021
3.79	0.904617
3.8	0.890549
3.81	0.878379
3.82	0.868545
3.83	0.861368
3.84	0.857069
3.85	0.855771
3.86	0.857511
3.87	0.862239
3.88	0.869817
3.89	0.880013
3.9	0.892488
3.91	0.906785
3.92	0.922326
3.93	0.938412
3.94	0.954239
3.95	0.968932
3.96	0.981603
3.97	0.991424
3.98	0.997709
3.99	0.999994
4	0.998098
4.01	0.992139
4.02	0.982528
4.03	0.969911
4.04	0.955093
4.05	0.93896
4.06	0.922394
4.07	0.90622
4.08	0.891162
4.09	0.877826
4.1	0.866694
4.11	0.858131
4.12	0.852394
4.13	0.849645
4.14	0.849959
4.15	0.853328
4.16	0.85966
4.17	0.868774
4.18	0.880391
4.19	0.894124
4.2	0.909465
4.21	0.925784
4.22	0.942333
4.23	0.958271
4.24	0.972709
4.25	0.984772
4.26	0.993678
4.27	0.998823
4.28	0.999854
4.29	0.996711
4.3	0.989638
4.31	0.97915
4.32	0.965968
4.33	0.950942
4.34	0.934961
4.35	0.918891
4.36	0.903517
4.37	0.889515
4.38	0.877439
4.39	0.867719
4.4	0.860673
4.41	0.856514
4.42	0.855361
4.43	0.857247
4.44	0.862119
4.45	0.869834
4.46	0.880156
4.47	0.892741
4.48	0.907129
4.49	0.922735
4.5	0.938857
4.51	0.954686
4.52	0.969347
4.53	0.981952
4.54	0.991677
4.55	0.997844
4.56	0.999999
4.57	0.997971
4.58	0.991892
4.59	0.982182
4.6	0.969495
4.61	0.954641
4.62	0.938505
4.63	0.92197
4.64	0.905856
4.65	0.890883
4.66	0.877652
4.67	0.866639
4.68	0.858207
4.69	0.852607
4.7	0.849998
4.71	0.850452
4.72	0.853955
4.73	0.860412
4.74	0.869638
4.75	0.881349
4.76	0.895151
4.77	0.91053
4.78	0.92685
4.79	0.943358
4.8	0.95921
4.81	0.973514
4.82	0.9854
4.83	0.994093
4.84	0.999
4.85	0.999783
4.86	0.996399
4.87	0.989106
4.88	0.978433
4.89	0.965108
4.9	0.949984
4.91	0.933953
4.92	0.917877
4.93	0.902535
4.94	0.888597
4.95	0.876611
4.96	0.867
4.97	0.860078
4.98	0.856052
4.99	0.855038
5	0.857063
5.01	0.862072
5.02	0.869918
5.03	0.880359
5.04	0.893048
5.05	0.90752
5.06	0.923186
5.07	0.939337
5.08	0.955163
5.09	0.969785
5.1	0.982318
5.11	0.99194
5.12	0.997981
5.13	0.999999
5.14	0.997832
5.15	0.991625
5.16	0.981808
5.17	0.969043
5.18	0.954144
5.19	0.937999
5.2	0.921487
5.21	0.905427
5.22	0.890533
5.23	0.877401
5.24	0.866504
5.25	0.858198
5.26	0.852732
5.27	0.850261
5.28	0.850851
5.29	0.854488
5.3	0.86107
5.31	0.870409
5.32	0.882215
5.33	0.896089
5.34	0.911511
5.35	0.927837
5.36	0.944311
5.37	0.960083
5.38	0.974263
5.39	0.985982
5.4	0.994473
5.41	0.999155
5.42	0.999703
5.43	0.996089
5.44	0.988588
5.45	0.977738
5.46	0.964279
5.47	0.949066
5.48	0.932991
5.49	0.916912
5.5	0.901606
5.51	0.887735
5.52	0.87584
5.53	0.866342
5.54	0.859545
5.55	0.855653
5.56	0.854778
5.57	0.856944
5.58	0.86209
5.59	0.870066
5.6	0.880627
5.61	0.89342
5.62	0.907974
5.63	0.923696
5.64	0.939873
5.65	0.955689
5.66	0.970265
5.67	0.982716
5.68	0.992224
5.69	0.998127
5.7	0.999993
5.71	0.997674
5.72	0.991326
5.73	0.981391
5.74	0.968537
5.75	0.953586
5.76	0.937424
5.77	0.920932
5.78	0.904922
5.79	0.890106
5.8	0.877074
5.81	0.866294
5.82	0.858117
5.83	0.852789
5.84	0.850459
5.85	0.851192
5.86	0.854966
5.87	0.861679
5.88	0.871137
5.89	0.883043
5.9	0.896994
5.91	0.912463
5.92	0.9288
5.93	0.945242
5.94	0.960939
5.95	0.974996
5.96	0.98655
5.97	0.99484
5.98	0.999296
5.99	0.999609
6	0.995767
6.01	0.988059
6.02	0.977035
6.03	0.963444
6.04	0.948144
6.05	0.932029
6.06	0.915953
6.07	0.900687
6.08	0.886889
6.09	0.875092
6.1	0.865711
6.11	0.859046
6.12	0.855295
6.13	0.854567
6.14	0.856879
6.15	0.862169
6.16	0.870282
6.17	0.880967
6.18	0.893867
6.19	0.908505
6.2	0.924283
6.21	0.940481
6.22	0.956282
6.23	0.970802
6.24	0.983157
6.25	0.992536
6.26	0.998284
6.27	0.99998
6.28	0.99749
6.29	0.990985
6.3	0.980917
6.31	0.967963
6.32	0.952951
6.33	0.936767
6.34	0.920291
6.35	0.904333
6.36	0.889597
6.37	0.87667
6.38	0.866013
6.39	0.857973
6.4	0.85279
6.41	0.850611
6.42	0.851495
6.43	0.855417
6.44	0.862271
6.45	0.871855
6.46	0.88387
6.47	0.897905
6.48	0.913426
6.49	0.929778
6.5	0.94619
6.51	0.961809
6.52	0.975741
6.53	0.987124
6.54	0.995205
6.55	0.999429
6.56	0.999499
6.57	0.995421
6.58	0.987499
6.59	0.976298
6.6	0.962572
6.61	0.947187
6.62	0.931035
6.63	0.914967
6.64	0.899748
6.65	0.88603
6.66	0.874341
6.67	0.865088
6.68	0.858565
6.69	0.854967
6.7	0.854395
6.71	0.856866
6.72	0.86231
6.73	0.870569
6.74	0.881386
6.75	0.894399
6.76	0.909125
6.77	0.924958
6.78	0.941176
6.79	0.956952
6.8	0.971405
6.81	0.98365
6.82	0.992881
6.83	0.998453
6.84	0.999957
6.85	0.997276
6.86	0.990593
6.87	0.980374
6.88	0.967308
6.89	0.952224
6.9	0.936015
6.91	0.919554
6.92	0.903649
6.93	0.889
6.94	0.876185
6.95	0.865661
6.96	0.857769
6.97	0.852745
6.98	0.85073
6.99	0.851778
7	0.855861
7.01	0.862867
7.02	0.87259
7.03	0.884725
7.04	0.898851
7.05	0.914431
7.06	0.930799
7.07	0.947182
7.08	0.962719
7.09	0.976518
7.1	0.987718
7.11	0.995578
7.12	0.999554
7.13	0.999366
7.14	0.995039
7.15	0.986893
7.16	0.975505
7.17	0.961642
7.18	0.94617
7.19	0.929983
7.2	0.913928
7.21	0.898765
7.22	0.885138
7.23	0.873568
7.24	0.864456
7.25	0.858091
7.26	0.85466
7.27	0.85426
7.28	0.856903
7.29	0.862515
7.3	0.870932
7.31	0.881892
7.32	0.895026
7.33	0.909845
7.34	0.925736
7.35	0.941968
7.36	0.957713
7.37	0.972085
7.38	0.984201
7.39	0.993262
7.4	0.998633
7.41	0.999921
7.42	0.997022
7.43	0.990139
7.44	0.979752
7.45	0.966558
7.46	0.951395
7.47	0.935154
7.48	0.91871
7.49	0.902863
7.5	0.888308
7.51	0.875616
7.52	0.865239
7.53	0.85751
7.54	0.85266
7.55	0.850824
7.56	0.852053
7.57	0.856314
7.58	0.863488
7.59	0.873364
7.6	0.885629
7.61	0.899857
7.62	0.915501
7.63	0.931889
7.64	0.948239
7.65	0.963687
7.66	0.97734
7.67	0.988343
7.68	0.995963
7.69	0.999671
7.7	0.999206
7.71	0.994611
7.72	0.986225
7.73	0.97464
7.74	0.960632
7.75	0.945072
7.76	0.928852
7.77	0.912817
7.78	0.897719
7.79	0.884196
7.8	0.872761
7.81	0.863806
7.82	0.857615
7.83	0.854369
7.84	0.854159
7.85	0.856992
7.86	0.862788
7.87	0.871378
7.88	0.882494
7.89	0.895759
7.9	0.910677
7.91	0.926626
7.92	0.94287
7.93	0.958573
7.94	0.972849
7.95	0.984816
7.96	0.993681
7.97	0.998824
7.98	0.999865
7.99	0.996722
8	0.989614
8.01	0.979037
8.02	0.965701
8.03	0.950449
8.04	0.934175
8.05	0.917749
8.06	0.901967
8.07	0.887516
8.08	0.874962
8.09	0.864747
8.1	0.857198
8.11	0.85254
8.12	0.850904
8.13	0.852334
8.14	0.85679
8.15	0.864149
8.16	0.874194
8.17	0.886603
8.18	0.900943
8.19	0.916657
8.2	0.933065
8.21	0.949378
8.22	0.964728
8.23	0.97822
8.24	0.989006
8.25	0.996362
8.26	0.999778
8.27	0.999011
8.28	0.994126
8.29	0.985482
8.3	0.973687
8.31	0.959525
8.32	0.943875
8.33	0.927626
8.34	0.911618
8.35	0.896597
8.36	0.883192
8.37	0.871908
8.38	0.86313
8.39	0.857133
8.4	0.854092
8.41	0.854093
8.42	0.857136
8.43	0.863136
8.44	0.871916
8.45	0.883202
8.46	0.896609
8.47	0.911632
8.48	0.927641
8.49	0.943891
8.5	0.959542
8.51	0.973703
8.52	0.985497
8.53	0.994139
8.54	0.999022
8.55	0.999785
8.56	0.996367
8.57	0.989008
8.58	0.97822
8.59	0.964726
8.6	0.949377
8.61	0.933065
8.62	0.916661
8.63	0.900952
8.64	0.886619
8.65	0.874218
8.66	0.864184
8.67	0.856836
8.68	0.852392
8.69	0.850977
8.7	0.852629
8.71	0.857302
8.72	0.864867
8.73	0.875097
8.74	0.887665
8.75	0.902127
8.76	0.917917
8.77	0.934345
8.78	0.950614
8.79	0.965853
8.8	0.979166
8.81	0.98971
8.82	0.996776
8.83	0.99987
8.84	0.998773
8.85	0.993573
8.86	0.98465
8.87	0.972629
8.88	0.958306
8.89	0.942563
8.9	0.926288
8.91	0.910317
8.92	0.895386
8.93	0.882117
8.94	0.871003
8.95	0.862423
8.96	0.856642
8.97	0.85383
8.98	0.854065
8.99	0.85734
9	0.863564
9.01	0.872554
9.02	0.884026
9.03	0.897586
9.04	0.912721
9.05	0.928791
9.06	0.945042
9.07	0.960627
9.08	0.974653
9.09	0.986248
9.1	0.994635
9.11	0.999223
9.12	0.999673
9.13	0.995947
9.14	0.988308
9.15	0.977287
9.16	0.96362
9.17	0.948164
9.18	0.931816
9.19	0.915438
9.2	0.899813
9.21	0.885613
9.22	0.873384
9.23	0.863551
9.24	0.856427
9.25	0.852222
9.26	0.851052
9.27	0.85295
9.28	0.857863
9.29	0.865654
9.3	0.876089
9.31	0.888831
9.32	0.903426
9.33	0.919296
9.34	0.935743
9.35	0.951961
9.36	0.967072
9.37	0.980184
9.38	0.990458
9.39	0.997202
9.4	0.999941
9.41	0.998482
9.42	0.992939
9.43	0.983714
9.44	0.971452
9.45	0.956959
9.46	0.941121
9.47	0.924826
9.48	0.908901
9.49	0.894076
9.5	0.880961
9.51	0.870041
9.52	0.861682
9.53	0.856143
9.54	0.853584
9.55	0.854078
9.56	0.857611
9.57	0.864082
9.58	0.873301
9.59	0.884976
9.6	0.898703
9.61	0.913956
9.62	0.930087
9.63	0.946331
9.64	0.961834
9.65	0.975703
9.66	0.987068
9.67	0.995165
9.68	0.99942
9.69	0.999521
9.7	0.995452
9.71	0.987502
9.72	0.976225
9.73	0.96237
9.74	0.946801
9.75	0.930415
9.76	0.914071
9.77	0.898544
9.78	0.884494
9.79	0.872457
9.8	0.86285
9.81	0.855976
9.82	0.852035
9.83	0.851137
9.84	0.853307
9.85	0.858485
9.86	0.866525
9.87	0.877185
9.88	0.890117
9.89	0.904854
9.9	0.92081
9.91	0.937272
9.92	0.953427
9.93	0.968393
9.94	0.981276
9.95	0.99125
9.96	0.997636
9.97	0.999983
9.98	0.998128
9.99	0.99221
